(kicad_pcb (version 20171130) (host pcbnew "(5.1.12)-1")

  (general
    (thickness 1.6)
    (drawings 16)
    (tracks 633)
    (zones 0)
    (modules 97)
    (nets 41)
  )

  (page A4)
  (title_block
    (date 2021-02-09)
    (rev 0.1)
  )

  (layers
    (0 F.Cu signal)
    (31 B.Cu signal)
    (32 B.Adhes user)
    (33 F.Adhes user)
    (34 B.Paste user)
    (35 F.Paste user)
    (36 B.SilkS user)
    (37 F.SilkS user)
    (38 B.Mask user)
    (39 F.Mask user)
    (40 Dwgs.User user)
    (41 Cmts.User user)
    (42 Eco1.User user)
    (43 Eco2.User user)
    (44 Edge.Cuts user)
    (45 Margin user)
    (46 B.CrtYd user)
    (47 F.CrtYd user)
    (48 B.Fab user)
    (49 F.Fab user)
  )

  (setup
    (last_trace_width 0.5)
    (user_trace_width 0.35)
    (user_trace_width 0.5)
    (user_trace_width 1)
    (trace_clearance 0.2)
    (zone_clearance 0.15)
    (zone_45_only yes)
    (trace_min 0.2)
    (via_size 0.8)
    (via_drill 0.4)
    (via_min_size 0.4)
    (via_min_drill 0.3)
    (uvia_size 0.3)
    (uvia_drill 0.1)
    (uvias_allowed no)
    (uvia_min_size 0.3)
    (uvia_min_drill 0.1)
    (edge_width 0.05)
    (segment_width 0.2)
    (pcb_text_width 0.3)
    (pcb_text_size 1.5 1.5)
    (mod_edge_width 0.12)
    (mod_text_size 1 1)
    (mod_text_width 0.15)
    (pad_size 1.725 1.8)
    (pad_drill 0)
    (pad_to_mask_clearance 0)
    (aux_axis_origin 0 0)
    (visible_elements 7FFFFFFF)
    (pcbplotparams
      (layerselection 0x010fc_ffffffff)
      (usegerberextensions true)
      (usegerberattributes false)
      (usegerberadvancedattributes false)
      (creategerberjobfile false)
      (excludeedgelayer true)
      (linewidth 0.100000)
      (plotframeref false)
      (viasonmask false)
      (mode 1)
      (useauxorigin false)
      (hpglpennumber 1)
      (hpglpenspeed 20)
      (hpglpendiameter 15.000000)
      (psnegative false)
      (psa4output false)
      (plotreference true)
      (plotvalue false)
      (plotinvisibletext false)
      (padsonsilk false)
      (subtractmaskfromsilk true)
      (outputformat 1)
      (mirror false)
      (drillshape 0)
      (scaleselection 1)
      (outputdirectory "Gerber/"))
  )

  (net 0 "")
  (net 1 "Net-(C1-Pad2)")
  (net 2 "Net-(C1-Pad1)")
  (net 3 "Net-(C2-Pad1)")
  (net 4 "Net-(C3-Pad2)")
  (net 5 "Net-(C3-Pad1)")
  (net 6 "Net-(C4-Pad2)")
  (net 7 "Net-(C4-Pad1)")
  (net 8 "Net-(Q1-Pad3)")
  (net 9 "Net-(Q2-Pad2)")
  (net 10 "Net-(Q3-Pad2)")
  (net 11 GNDREF)
  (net 12 "Net-(C5-Pad1)")
  (net 13 "Net-(C6-Pad1)")
  (net 14 "Net-(C7-Pad1)")
  (net 15 "Net-(C8-Pad2)")
  (net 16 "Net-(C8-Pad1)")
  (net 17 "Net-(C10-Pad2)")
  (net 18 "Net-(Q4-Pad3)")
  (net 19 "Net-(Q5-Pad2)")
  (net 20 "Net-(Q6-Pad2)")
  (net 21 "Net-(C11-Pad1)")
  (net 22 "Net-(Q7-Pad1)")
  (net 23 "Net-(Q10-Pad1)")
  (net 24 /13V)
  (net 25 "Net-(D2-Pad1)")
  (net 26 "Net-(D3-Pad2)")
  (net 27 "Net-(D3-Pad1)")
  (net 28 "Net-(D4-Pad2)")
  (net 29 "Net-(D5-Pad2)")
  (net 30 /RX_Low_TX_High)
  (net 31 "Net-(Q9-Pad3)")
  (net 32 "Net-(J5-Pad1)")
  (net 33 "Net-(J6-Pad1)")
  (net 34 "Net-(C6-Pad2)")
  (net 35 "Net-(C10-Pad1)")
  (net 36 "Net-(Q1-Pad2)")
  (net 37 "Net-(Q4-Pad2)")
  (net 38 "Net-(C85-Pad1)")
  (net 39 "Net-(C86-Pad1)")
  (net 40 "Net-(C87-Pad1)")

  (net_class Default "This is the default net class."
    (clearance 0.2)
    (trace_width 0.25)
    (via_dia 0.8)
    (via_drill 0.4)
    (uvia_dia 0.3)
    (uvia_drill 0.1)
    (add_net /13V)
    (add_net /RX_Low_TX_High)
    (add_net GNDREF)
    (add_net "Net-(C1-Pad1)")
    (add_net "Net-(C1-Pad2)")
    (add_net "Net-(C10-Pad1)")
    (add_net "Net-(C10-Pad2)")
    (add_net "Net-(C11-Pad1)")
    (add_net "Net-(C2-Pad1)")
    (add_net "Net-(C3-Pad1)")
    (add_net "Net-(C3-Pad2)")
    (add_net "Net-(C4-Pad1)")
    (add_net "Net-(C4-Pad2)")
    (add_net "Net-(C5-Pad1)")
    (add_net "Net-(C6-Pad1)")
    (add_net "Net-(C6-Pad2)")
    (add_net "Net-(C7-Pad1)")
    (add_net "Net-(C8-Pad1)")
    (add_net "Net-(C8-Pad2)")
    (add_net "Net-(C85-Pad1)")
    (add_net "Net-(C86-Pad1)")
    (add_net "Net-(C87-Pad1)")
    (add_net "Net-(D2-Pad1)")
    (add_net "Net-(D3-Pad1)")
    (add_net "Net-(D3-Pad2)")
    (add_net "Net-(D4-Pad2)")
    (add_net "Net-(D5-Pad2)")
    (add_net "Net-(J5-Pad1)")
    (add_net "Net-(J6-Pad1)")
    (add_net "Net-(Q1-Pad2)")
    (add_net "Net-(Q1-Pad3)")
    (add_net "Net-(Q10-Pad1)")
    (add_net "Net-(Q2-Pad2)")
    (add_net "Net-(Q3-Pad2)")
    (add_net "Net-(Q4-Pad2)")
    (add_net "Net-(Q4-Pad3)")
    (add_net "Net-(Q5-Pad2)")
    (add_net "Net-(Q6-Pad2)")
    (add_net "Net-(Q7-Pad1)")
    (add_net "Net-(Q9-Pad3)")
  )

  (module WC8C:SMD_Combo_1206_0805 (layer F.Cu) (tedit 61EB6509) (tstamp 621BD2A5)
    (at 130.2 106.8)
    (descr "Capacitor SMD 1206 (3216 Metric), square (rectangular) end terminal, IPC_7351 nominal with elongated pad for handsoldering. (Body size source: IPC-SM-782 page 76, https://www.pcb-3d.com/wordpress/wp-content/uploads/ipc-sm-782a_amendment_1_and_2.pdf), generated with kicad-footprint-generator")
    (tags "capacitor handsolder")
    (path /622E15DD)
    (attr smd)
    (fp_text reference C16 (at 0.2 1.8) (layer F.SilkS)
      (effects (font (size 0.6 0.6) (thickness 0.15)))
    )
    (fp_text value 33n (at 2.1 1.8) (layer F.Fab)
      (effects (font (size 0.6 0.6) (thickness 0.15)))
    )
    (fp_text user %R (at 0 0) (layer F.Fab)
      (effects (font (size 0.4 0.4) (thickness 0.1)))
    )
    (fp_line (start 2.48 1.15) (end -2.48 1.15) (layer F.CrtYd) (width 0.05))
    (fp_line (start 2.48 -1.15) (end 2.48 1.15) (layer F.CrtYd) (width 0.05))
    (fp_line (start -2.48 -1.15) (end 2.48 -1.15) (layer F.CrtYd) (width 0.05))
    (fp_line (start -2.48 1.15) (end -2.48 -1.15) (layer F.CrtYd) (width 0.05))
    (fp_line (start -0.6096 0.9144) (end 0.6096 0.91) (layer F.SilkS) (width 0.12))
    (fp_line (start -0.6096 -0.91) (end 0.6096 -0.91) (layer F.SilkS) (width 0.12))
    (fp_line (start 1.6 0.8) (end -1.6 0.8) (layer F.Fab) (width 0.1))
    (fp_line (start 1.6 -0.8) (end 1.6 0.8) (layer F.Fab) (width 0.1))
    (fp_line (start -1.6 -0.8) (end 1.6 -0.8) (layer F.Fab) (width 0.1))
    (fp_line (start -1.6 0.8) (end -1.6 -0.8) (layer F.Fab) (width 0.1))
    (pad 1 smd roundrect (at -1.3625 0) (size 1.725 1.8) (layers F.Cu F.Paste F.Mask) (roundrect_rratio 0.189)
      (net 30 /RX_Low_TX_High) (clearance 0.4))
    (pad 2 smd roundrect (at 1.3625 0) (size 1.725 1.8) (layers F.Cu F.Paste F.Mask) (roundrect_rratio 0.189)
      (net 11 GNDREF) (clearance 0.4))
    (model ${KISYS3DMOD}/Capacitor_SMD.3dshapes/C_1206_3216Metric.wrl
      (at (xyz 0 0 0))
      (scale (xyz 1 1 1))
      (rotate (xyz 0 0 0))
    )
  )

  (module WC8C:SMD_Combo_1206_0805 (layer F.Cu) (tedit 61EB6804) (tstamp 61EB95A4)
    (at 142.31 71.38)
    (descr "Capacitor SMD 1206 (3216 Metric), square (rectangular) end terminal, IPC_7351 nominal with elongated pad for handsoldering. (Body size source: IPC-SM-782 page 76, https://www.pcb-3d.com/wordpress/wp-content/uploads/ipc-sm-782a_amendment_1_and_2.pdf), generated with kicad-footprint-generator")
    (tags "capacitor handsolder")
    (path /61EC9F2B)
    (attr smd)
    (fp_text reference R84 (at -1.12 -1.75) (layer F.SilkS)
      (effects (font (size 0.6 0.6) (thickness 0.15)))
    )
    (fp_text value Open (at 0.94 -1.76) (layer F.Fab)
      (effects (font (size 0.6 0.6) (thickness 0.15)))
    )
    (fp_line (start -1.6 0.8) (end -1.6 -0.8) (layer F.Fab) (width 0.1))
    (fp_line (start -1.6 -0.8) (end 1.6 -0.8) (layer F.Fab) (width 0.1))
    (fp_line (start 1.6 -0.8) (end 1.6 0.8) (layer F.Fab) (width 0.1))
    (fp_line (start 1.6 0.8) (end -1.6 0.8) (layer F.Fab) (width 0.1))
    (fp_line (start -0.6096 -0.91) (end 0.6096 -0.91) (layer F.SilkS) (width 0.12))
    (fp_line (start -0.6096 0.9144) (end 0.6096 0.91) (layer F.SilkS) (width 0.12))
    (fp_line (start -2.48 1.15) (end -2.48 -1.15) (layer F.CrtYd) (width 0.05))
    (fp_line (start -2.48 -1.15) (end 2.48 -1.15) (layer F.CrtYd) (width 0.05))
    (fp_line (start 2.48 -1.15) (end 2.48 1.15) (layer F.CrtYd) (width 0.05))
    (fp_line (start 2.48 1.15) (end -2.48 1.15) (layer F.CrtYd) (width 0.05))
    (fp_text user %R (at 0 0) (layer F.Fab)
      (effects (font (size 0.4 0.4) (thickness 0.1)))
    )
    (pad 1 smd roundrect (at -1.3625 0) (size 1.725 1.8) (layers F.Cu F.Paste F.Mask) (roundrect_rratio 0.189)
      (net 10 "Net-(Q3-Pad2)"))
    (pad 2 smd roundrect (at 1.3625 0) (size 1.725 1.8) (layers F.Cu F.Paste F.Mask) (roundrect_rratio 0.189)
      (net 9 "Net-(Q2-Pad2)"))
    (model ${KISYS3DMOD}/Capacitor_SMD.3dshapes/C_1206_3216Metric.wrl
      (at (xyz 0 0 0))
      (scale (xyz 1 1 1))
      (rotate (xyz 0 0 0))
    )
  )

  (module WC8C:SMD_Combo_1206_0805 (layer F.Cu) (tedit 61EB6868) (tstamp 61EB9593)
    (at 150.47 74.53)
    (descr "Capacitor SMD 1206 (3216 Metric), square (rectangular) end terminal, IPC_7351 nominal with elongated pad for handsoldering. (Body size source: IPC-SM-782 page 76, https://www.pcb-3d.com/wordpress/wp-content/uploads/ipc-sm-782a_amendment_1_and_2.pdf), generated with kicad-footprint-generator")
    (tags "capacitor handsolder")
    (path /61EC9678)
    (attr smd)
    (fp_text reference R83 (at -1.37 -1.48) (layer F.SilkS)
      (effects (font (size 0.6 0.6) (thickness 0.15)))
    )
    (fp_text value Open (at 1.52 -1.45) (layer F.Fab)
      (effects (font (size 0.6 0.6) (thickness 0.15)))
    )
    (fp_line (start -1.6 0.8) (end -1.6 -0.8) (layer F.Fab) (width 0.1))
    (fp_line (start -1.6 -0.8) (end 1.6 -0.8) (layer F.Fab) (width 0.1))
    (fp_line (start 1.6 -0.8) (end 1.6 0.8) (layer F.Fab) (width 0.1))
    (fp_line (start 1.6 0.8) (end -1.6 0.8) (layer F.Fab) (width 0.1))
    (fp_line (start -0.6096 -0.91) (end 0.6096 -0.91) (layer F.SilkS) (width 0.12))
    (fp_line (start -0.6096 0.9144) (end 0.6096 0.91) (layer F.SilkS) (width 0.12))
    (fp_line (start -2.48 1.15) (end -2.48 -1.15) (layer F.CrtYd) (width 0.05))
    (fp_line (start -2.48 -1.15) (end 2.48 -1.15) (layer F.CrtYd) (width 0.05))
    (fp_line (start 2.48 -1.15) (end 2.48 1.15) (layer F.CrtYd) (width 0.05))
    (fp_line (start 2.48 1.15) (end -2.48 1.15) (layer F.CrtYd) (width 0.05))
    (fp_text user %R (at 0 0) (layer F.Fab)
      (effects (font (size 0.4 0.4) (thickness 0.1)))
    )
    (pad 1 smd roundrect (at -1.3625 0) (size 1.725 1.8) (layers F.Cu F.Paste F.Mask) (roundrect_rratio 0.189)
      (net 9 "Net-(Q2-Pad2)") (clearance 0.4))
    (pad 2 smd roundrect (at 1.3625 0) (size 1.725 1.8) (layers F.Cu F.Paste F.Mask) (roundrect_rratio 0.189)
      (net 8 "Net-(Q1-Pad3)"))
    (model ${KISYS3DMOD}/Capacitor_SMD.3dshapes/C_1206_3216Metric.wrl
      (at (xyz 0 0 0))
      (scale (xyz 1 1 1))
      (rotate (xyz 0 0 0))
    )
  )

  (module WC8C:SMD_Combo_1206_0805 (layer F.Cu) (tedit 61EB6509) (tstamp 61C7E56C)
    (at 186.7 89.5 180)
    (descr "Capacitor SMD 1206 (3216 Metric), square (rectangular) end terminal, IPC_7351 nominal with elongated pad for handsoldering. (Body size source: IPC-SM-782 page 76, https://www.pcb-3d.com/wordpress/wp-content/uploads/ipc-sm-782a_amendment_1_and_2.pdf), generated with kicad-footprint-generator")
    (tags "capacitor handsolder")
    (path /61CE7AAC)
    (attr smd)
    (fp_text reference R88 (at 0 -1.85) (layer F.SilkS)
      (effects (font (size 0.6 0.6) (thickness 0.15)))
    )
    (fp_text value Open (at 0 1.85) (layer F.Fab)
      (effects (font (size 0.6 0.6) (thickness 0.15)))
    )
    (fp_line (start -1.6 0.8) (end -1.6 -0.8) (layer F.Fab) (width 0.1))
    (fp_line (start -1.6 -0.8) (end 1.6 -0.8) (layer F.Fab) (width 0.1))
    (fp_line (start 1.6 -0.8) (end 1.6 0.8) (layer F.Fab) (width 0.1))
    (fp_line (start 1.6 0.8) (end -1.6 0.8) (layer F.Fab) (width 0.1))
    (fp_line (start -0.6096 -0.91) (end 0.6096 -0.91) (layer F.SilkS) (width 0.12))
    (fp_line (start -0.6096 0.9144) (end 0.6096 0.91) (layer F.SilkS) (width 0.12))
    (fp_line (start -2.48 1.15) (end -2.48 -1.15) (layer F.CrtYd) (width 0.05))
    (fp_line (start -2.48 -1.15) (end 2.48 -1.15) (layer F.CrtYd) (width 0.05))
    (fp_line (start 2.48 -1.15) (end 2.48 1.15) (layer F.CrtYd) (width 0.05))
    (fp_line (start 2.48 1.15) (end -2.48 1.15) (layer F.CrtYd) (width 0.05))
    (fp_text user %R (at 0 0) (layer F.Fab)
      (effects (font (size 0.4 0.4) (thickness 0.1)))
    )
    (pad 1 smd roundrect (at -1.3625 0 180) (size 1.725 1.8) (layers F.Cu F.Paste F.Mask) (roundrect_rratio 0.189)
      (net 11 GNDREF) (clearance 0.4))
    (pad 2 smd roundrect (at 1.3625 0 180) (size 1.725 1.8) (layers F.Cu F.Paste F.Mask) (roundrect_rratio 0.189)
      (net 38 "Net-(C85-Pad1)") (clearance 0.4))
    (model ${KISYS3DMOD}/Capacitor_SMD.3dshapes/C_1206_3216Metric.wrl
      (at (xyz 0 0 0))
      (scale (xyz 1 1 1))
      (rotate (xyz 0 0 0))
    )
  )

  (module WC8C:SMD_Combo_1206_0805 (layer F.Cu) (tedit 61EB6509) (tstamp 61C7E55B)
    (at 187.6 82.8 180)
    (descr "Capacitor SMD 1206 (3216 Metric), square (rectangular) end terminal, IPC_7351 nominal with elongated pad for handsoldering. (Body size source: IPC-SM-782 page 76, https://www.pcb-3d.com/wordpress/wp-content/uploads/ipc-sm-782a_amendment_1_and_2.pdf), generated with kicad-footprint-generator")
    (tags "capacitor handsolder")
    (path /61CC27D9)
    (attr smd)
    (fp_text reference R87 (at 0 -1.85) (layer F.SilkS)
      (effects (font (size 0.6 0.6) (thickness 0.15)))
    )
    (fp_text value Open (at 0 1.85) (layer F.Fab)
      (effects (font (size 0.6 0.6) (thickness 0.15)))
    )
    (fp_line (start -1.6 0.8) (end -1.6 -0.8) (layer F.Fab) (width 0.1))
    (fp_line (start -1.6 -0.8) (end 1.6 -0.8) (layer F.Fab) (width 0.1))
    (fp_line (start 1.6 -0.8) (end 1.6 0.8) (layer F.Fab) (width 0.1))
    (fp_line (start 1.6 0.8) (end -1.6 0.8) (layer F.Fab) (width 0.1))
    (fp_line (start -0.6096 -0.91) (end 0.6096 -0.91) (layer F.SilkS) (width 0.12))
    (fp_line (start -0.6096 0.9144) (end 0.6096 0.91) (layer F.SilkS) (width 0.12))
    (fp_line (start -2.48 1.15) (end -2.48 -1.15) (layer F.CrtYd) (width 0.05))
    (fp_line (start -2.48 -1.15) (end 2.48 -1.15) (layer F.CrtYd) (width 0.05))
    (fp_line (start 2.48 -1.15) (end 2.48 1.15) (layer F.CrtYd) (width 0.05))
    (fp_line (start 2.48 1.15) (end -2.48 1.15) (layer F.CrtYd) (width 0.05))
    (fp_text user %R (at 0 0) (layer F.Fab)
      (effects (font (size 0.4 0.4) (thickness 0.1)))
    )
    (pad 1 smd roundrect (at -1.3625 0 180) (size 1.725 1.8) (layers F.Cu F.Paste F.Mask) (roundrect_rratio 0.189)
      (net 11 GNDREF) (clearance 0.4))
    (pad 2 smd roundrect (at 1.3625 0 180) (size 1.725 1.8) (layers F.Cu F.Paste F.Mask) (roundrect_rratio 0.189)
      (net 12 "Net-(C5-Pad1)") (clearance 0.4))
    (model ${KISYS3DMOD}/Capacitor_SMD.3dshapes/C_1206_3216Metric.wrl
      (at (xyz 0 0 0))
      (scale (xyz 1 1 1))
      (rotate (xyz 0 0 0))
    )
  )

  (module WC8C:SMD_Combo_1206_0805 (layer F.Cu) (tedit 61EB6509) (tstamp 61C3462C)
    (at 155.1178 68.0974 180)
    (descr "Capacitor SMD 1206 (3216 Metric), square (rectangular) end terminal, IPC_7351 nominal with elongated pad for handsoldering. (Body size source: IPC-SM-782 page 76, https://www.pcb-3d.com/wordpress/wp-content/uploads/ipc-sm-782a_amendment_1_and_2.pdf), generated with kicad-footprint-generator")
    (tags "capacitor handsolder")
    (path /61CCD923)
    (attr smd)
    (fp_text reference R86 (at -0.4318 1.5113) (layer F.SilkS)
      (effects (font (size 0.6 0.6) (thickness 0.15)))
    )
    (fp_text value Open (at -2.794 1.5748) (layer F.Fab)
      (effects (font (size 0.6 0.6) (thickness 0.15)))
    )
    (fp_line (start -1.6 0.8) (end -1.6 -0.8) (layer F.Fab) (width 0.1))
    (fp_line (start -1.6 -0.8) (end 1.6 -0.8) (layer F.Fab) (width 0.1))
    (fp_line (start 1.6 -0.8) (end 1.6 0.8) (layer F.Fab) (width 0.1))
    (fp_line (start 1.6 0.8) (end -1.6 0.8) (layer F.Fab) (width 0.1))
    (fp_line (start -0.6096 -0.91) (end 0.6096 -0.91) (layer F.SilkS) (width 0.12))
    (fp_line (start -0.6096 0.9144) (end 0.6096 0.91) (layer F.SilkS) (width 0.12))
    (fp_line (start -2.48 1.15) (end -2.48 -1.15) (layer F.CrtYd) (width 0.05))
    (fp_line (start -2.48 -1.15) (end 2.48 -1.15) (layer F.CrtYd) (width 0.05))
    (fp_line (start 2.48 -1.15) (end 2.48 1.15) (layer F.CrtYd) (width 0.05))
    (fp_line (start 2.48 1.15) (end -2.48 1.15) (layer F.CrtYd) (width 0.05))
    (fp_text user %R (at 0 0) (layer F.Fab)
      (effects (font (size 0.4 0.4) (thickness 0.1)))
    )
    (pad 1 smd roundrect (at -1.3625 0 180) (size 1.725 1.8) (layers F.Cu F.Paste F.Mask) (roundrect_rratio 0.189)
      (net 4 "Net-(C3-Pad2)") (clearance 0.4))
    (pad 2 smd roundrect (at 1.3625 0 180) (size 1.725 1.8) (layers F.Cu F.Paste F.Mask) (roundrect_rratio 0.189)
      (net 40 "Net-(C87-Pad1)") (clearance 0.4))
    (model ${KISYS3DMOD}/Capacitor_SMD.3dshapes/C_1206_3216Metric.wrl
      (at (xyz 0 0 0))
      (scale (xyz 1 1 1))
      (rotate (xyz 0 0 0))
    )
  )

  (module WC8C:SMD_Combo_1206_0805 (layer F.Cu) (tedit 61EB6509) (tstamp 61C30D3A)
    (at 164.0078 109.3216 180)
    (descr "Capacitor SMD 1206 (3216 Metric), square (rectangular) end terminal, IPC_7351 nominal with elongated pad for handsoldering. (Body size source: IPC-SM-782 page 76, https://www.pcb-3d.com/wordpress/wp-content/uploads/ipc-sm-782a_amendment_1_and_2.pdf), generated with kicad-footprint-generator")
    (tags "capacitor handsolder")
    (path /61C8657A)
    (attr smd)
    (fp_text reference R85 (at -3.2258 -0.2794) (layer F.SilkS)
      (effects (font (size 0.6 0.6) (thickness 0.15)))
    )
    (fp_text value Open (at -3.3782 -1.2192) (layer F.Fab)
      (effects (font (size 0.6 0.6) (thickness 0.15)))
    )
    (fp_line (start -1.6 0.8) (end -1.6 -0.8) (layer F.Fab) (width 0.1))
    (fp_line (start -1.6 -0.8) (end 1.6 -0.8) (layer F.Fab) (width 0.1))
    (fp_line (start 1.6 -0.8) (end 1.6 0.8) (layer F.Fab) (width 0.1))
    (fp_line (start 1.6 0.8) (end -1.6 0.8) (layer F.Fab) (width 0.1))
    (fp_line (start -0.6096 -0.91) (end 0.6096 -0.91) (layer F.SilkS) (width 0.12))
    (fp_line (start -0.6096 0.9144) (end 0.6096 0.91) (layer F.SilkS) (width 0.12))
    (fp_line (start -2.48 1.15) (end -2.48 -1.15) (layer F.CrtYd) (width 0.05))
    (fp_line (start -2.48 -1.15) (end 2.48 -1.15) (layer F.CrtYd) (width 0.05))
    (fp_line (start 2.48 -1.15) (end 2.48 1.15) (layer F.CrtYd) (width 0.05))
    (fp_line (start 2.48 1.15) (end -2.48 1.15) (layer F.CrtYd) (width 0.05))
    (fp_text user %R (at 0 0.4445) (layer F.Fab)
      (effects (font (size 0.4 0.4) (thickness 0.1)))
    )
    (pad 1 smd roundrect (at -1.3625 0 180) (size 1.725 1.8) (layers F.Cu F.Paste F.Mask) (roundrect_rratio 0.189)
      (net 39 "Net-(C86-Pad1)") (clearance 0.4))
    (pad 2 smd roundrect (at 1.3625 0 180) (size 1.725 1.8) (layers F.Cu F.Paste F.Mask) (roundrect_rratio 0.189)
      (net 15 "Net-(C8-Pad2)") (clearance 0.4))
    (model ${KISYS3DMOD}/Capacitor_SMD.3dshapes/C_1206_3216Metric.wrl
      (at (xyz 0 0 0))
      (scale (xyz 1 1 1))
      (rotate (xyz 0 0 0))
    )
  )

  (module WC8C:SMD_Combo_1206_0805 (layer F.Cu) (tedit 61EB6509) (tstamp 61C34ACD)
    (at 167.5384 98.679 270)
    (descr "Capacitor SMD 1206 (3216 Metric), square (rectangular) end terminal, IPC_7351 nominal with elongated pad for handsoldering. (Body size source: IPC-SM-782 page 76, https://www.pcb-3d.com/wordpress/wp-content/uploads/ipc-sm-782a_amendment_1_and_2.pdf), generated with kicad-footprint-generator")
    (tags "capacitor handsolder")
    (path /62099FF5)
    (attr smd)
    (fp_text reference R82 (at -2.6797 1.2192 180) (layer F.SilkS)
      (effects (font (size 0.6 0.6) (thickness 0.15)))
    )
    (fp_text value Open (at -3.5306 0.1778 180) (layer F.Fab)
      (effects (font (size 0.6 0.6) (thickness 0.15)))
    )
    (fp_line (start -1.6 0.8) (end -1.6 -0.8) (layer F.Fab) (width 0.1))
    (fp_line (start -1.6 -0.8) (end 1.6 -0.8) (layer F.Fab) (width 0.1))
    (fp_line (start 1.6 -0.8) (end 1.6 0.8) (layer F.Fab) (width 0.1))
    (fp_line (start 1.6 0.8) (end -1.6 0.8) (layer F.Fab) (width 0.1))
    (fp_line (start -0.6096 -0.91) (end 0.6096 -0.91) (layer F.SilkS) (width 0.12))
    (fp_line (start -0.6096 0.9144) (end 0.6096 0.91) (layer F.SilkS) (width 0.12))
    (fp_line (start -2.48 1.15) (end -2.48 -1.15) (layer F.CrtYd) (width 0.05))
    (fp_line (start -2.48 -1.15) (end 2.48 -1.15) (layer F.CrtYd) (width 0.05))
    (fp_line (start 2.48 -1.15) (end 2.48 1.15) (layer F.CrtYd) (width 0.05))
    (fp_line (start 2.48 1.15) (end -2.48 1.15) (layer F.CrtYd) (width 0.05))
    (fp_text user %R (at 0 0 180) (layer F.Fab)
      (effects (font (size 0.4 0.4) (thickness 0.1)))
    )
    (pad 1 smd roundrect (at -1.3625 0 270) (size 1.725 1.8) (layers F.Cu F.Paste F.Mask) (roundrect_rratio 0.189)
      (net 18 "Net-(Q4-Pad3)") (clearance 0.4))
    (pad 2 smd roundrect (at 1.3625 0 270) (size 1.725 1.8) (layers F.Cu F.Paste F.Mask) (roundrect_rratio 0.189)
      (net 19 "Net-(Q5-Pad2)") (clearance 0.4))
    (model ${KISYS3DMOD}/Capacitor_SMD.3dshapes/C_1206_3216Metric.wrl
      (at (xyz 0 0 0))
      (scale (xyz 1 1 1))
      (rotate (xyz 0 0 0))
    )
  )

  (module WC8C:SMD_Combo_1206_0805 (layer F.Cu) (tedit 61EB6509) (tstamp 61C34ABC)
    (at 175.2473 105.2322 90)
    (descr "Capacitor SMD 1206 (3216 Metric), square (rectangular) end terminal, IPC_7351 nominal with elongated pad for handsoldering. (Body size source: IPC-SM-782 page 76, https://www.pcb-3d.com/wordpress/wp-content/uploads/ipc-sm-782a_amendment_1_and_2.pdf), generated with kicad-footprint-generator")
    (tags "capacitor handsolder")
    (path /6209A8A2)
    (attr smd)
    (fp_text reference R81 (at 0 -1.85 90) (layer F.SilkS)
      (effects (font (size 0.6 0.6) (thickness 0.15)))
    )
    (fp_text value Open (at 0 1.85 90) (layer F.Fab)
      (effects (font (size 0.6 0.6) (thickness 0.15)))
    )
    (fp_line (start -1.6 0.8) (end -1.6 -0.8) (layer F.Fab) (width 0.1))
    (fp_line (start -1.6 -0.8) (end 1.6 -0.8) (layer F.Fab) (width 0.1))
    (fp_line (start 1.6 -0.8) (end 1.6 0.8) (layer F.Fab) (width 0.1))
    (fp_line (start 1.6 0.8) (end -1.6 0.8) (layer F.Fab) (width 0.1))
    (fp_line (start -0.6096 -0.91) (end 0.6096 -0.91) (layer F.SilkS) (width 0.12))
    (fp_line (start -0.6096 0.9144) (end 0.6096 0.91) (layer F.SilkS) (width 0.12))
    (fp_line (start -2.48 1.15) (end -2.48 -1.15) (layer F.CrtYd) (width 0.05))
    (fp_line (start -2.48 -1.15) (end 2.48 -1.15) (layer F.CrtYd) (width 0.05))
    (fp_line (start 2.48 -1.15) (end 2.48 1.15) (layer F.CrtYd) (width 0.05))
    (fp_line (start 2.48 1.15) (end -2.48 1.15) (layer F.CrtYd) (width 0.05))
    (fp_text user %R (at 0 0 90) (layer F.Fab)
      (effects (font (size 0.4 0.4) (thickness 0.1)))
    )
    (pad 1 smd roundrect (at -1.3625 0 90) (size 1.725 1.8) (layers F.Cu F.Paste F.Mask) (roundrect_rratio 0.189)
      (net 20 "Net-(Q6-Pad2)") (clearance 0.4))
    (pad 2 smd roundrect (at 1.3625 0 90) (size 1.725 1.8) (layers F.Cu F.Paste F.Mask) (roundrect_rratio 0.189)
      (net 19 "Net-(Q5-Pad2)") (clearance 0.4))
    (model ${KISYS3DMOD}/Capacitor_SMD.3dshapes/C_1206_3216Metric.wrl
      (at (xyz 0 0 0))
      (scale (xyz 1 1 1))
      (rotate (xyz 0 0 0))
    )
  )

  (module WC8C:SMD_Combo_1206_0805 (layer F.Cu) (tedit 61EB6509) (tstamp 61C34AAB)
    (at 127.1778 78.3971 90)
    (descr "Capacitor SMD 1206 (3216 Metric), square (rectangular) end terminal, IPC_7351 nominal with elongated pad for handsoldering. (Body size source: IPC-SM-782 page 76, https://www.pcb-3d.com/wordpress/wp-content/uploads/ipc-sm-782a_amendment_1_and_2.pdf), generated with kicad-footprint-generator")
    (tags "capacitor handsolder")
    (path /6207DAA7)
    (attr smd)
    (fp_text reference R80 (at -2.8956 -1.8669 180) (layer F.SilkS)
      (effects (font (size 0.6 0.6) (thickness 0.15)))
    )
    (fp_text value Open (at -2.7178 0.0381 180) (layer F.Fab)
      (effects (font (size 0.5 0.5) (thickness 0.1)))
    )
    (fp_line (start -1.6 0.8) (end -1.6 -0.8) (layer F.Fab) (width 0.1))
    (fp_line (start -1.6 -0.8) (end 1.6 -0.8) (layer F.Fab) (width 0.1))
    (fp_line (start 1.6 -0.8) (end 1.6 0.8) (layer F.Fab) (width 0.1))
    (fp_line (start 1.6 0.8) (end -1.6 0.8) (layer F.Fab) (width 0.1))
    (fp_line (start -0.6096 -0.91) (end 0.6096 -0.91) (layer F.SilkS) (width 0.12))
    (fp_line (start -0.6096 0.9144) (end 0.6096 0.91) (layer F.SilkS) (width 0.12))
    (fp_line (start -2.48 1.15) (end -2.48 -1.15) (layer F.CrtYd) (width 0.05))
    (fp_line (start -2.48 -1.15) (end 2.48 -1.15) (layer F.CrtYd) (width 0.05))
    (fp_line (start 2.48 -1.15) (end 2.48 1.15) (layer F.CrtYd) (width 0.05))
    (fp_line (start 2.48 1.15) (end -2.48 1.15) (layer F.CrtYd) (width 0.05))
    (fp_text user %R (at 0.0254 0 180) (layer F.SilkS)
      (effects (font (size 0.4 0.4) (thickness 0.1)))
    )
    (pad 1 smd roundrect (at -1.3625 0 90) (size 1.725 1.8) (layers F.Cu F.Paste F.Mask) (roundrect_rratio 0.189)
      (net 38 "Net-(C85-Pad1)") (clearance 0.4))
    (pad 2 smd roundrect (at 1.3625 0 90) (size 1.725 1.8) (layers F.Cu F.Paste F.Mask) (roundrect_rratio 0.189)
      (net 34 "Net-(C6-Pad2)") (clearance 0.4))
    (model ${KISYS3DMOD}/Capacitor_SMD.3dshapes/C_1206_3216Metric.wrl
      (at (xyz 0 0 0))
      (scale (xyz 1 1 1))
      (rotate (xyz 0 0 0))
    )
  )

  (module WC8C:SMD_Combo_1206_0805 (layer F.Cu) (tedit 61EB6509) (tstamp 61C36B99)
    (at 161.2011 72.898 270)
    (descr "Capacitor SMD 1206 (3216 Metric), square (rectangular) end terminal, IPC_7351 nominal with elongated pad for handsoldering. (Body size source: IPC-SM-782 page 76, https://www.pcb-3d.com/wordpress/wp-content/uploads/ipc-sm-782a_amendment_1_and_2.pdf), generated with kicad-footprint-generator")
    (tags "capacitor handsolder")
    (path /62020C29)
    (attr smd)
    (fp_text reference C82 (at -2.921 0.3048 180) (layer F.SilkS)
      (effects (font (size 0.6 0.6) (thickness 0.15)))
    )
    (fp_text value Open (at -2.5781 -1.7399 180) (layer F.Fab)
      (effects (font (size 0.6 0.6) (thickness 0.15)))
    )
    (fp_line (start -1.6 0.8) (end -1.6 -0.8) (layer F.Fab) (width 0.1))
    (fp_line (start -1.6 -0.8) (end 1.6 -0.8) (layer F.Fab) (width 0.1))
    (fp_line (start 1.6 -0.8) (end 1.6 0.8) (layer F.Fab) (width 0.1))
    (fp_line (start 1.6 0.8) (end -1.6 0.8) (layer F.Fab) (width 0.1))
    (fp_line (start -0.6096 -0.91) (end 0.6096 -0.91) (layer F.SilkS) (width 0.12))
    (fp_line (start -0.6096 0.9144) (end 0.6096 0.91) (layer F.SilkS) (width 0.12))
    (fp_line (start -2.48 1.15) (end -2.48 -1.15) (layer F.CrtYd) (width 0.05))
    (fp_line (start -2.48 -1.15) (end 2.48 -1.15) (layer F.CrtYd) (width 0.05))
    (fp_line (start 2.48 -1.15) (end 2.48 1.15) (layer F.CrtYd) (width 0.05))
    (fp_line (start 2.48 1.15) (end -2.48 1.15) (layer F.CrtYd) (width 0.05))
    (fp_text user %R (at 0 0 180) (layer F.Fab)
      (effects (font (size 0.4 0.4) (thickness 0.1)))
    )
    (pad 1 smd roundrect (at -1.3625 0 270) (size 1.725 1.8) (layers F.Cu F.Paste F.Mask) (roundrect_rratio 0.189)
      (net 11 GNDREF) (clearance 0.4))
    (pad 2 smd roundrect (at 1.3625 0 270) (size 1.725 1.8) (layers F.Cu F.Paste F.Mask) (roundrect_rratio 0.189)
      (net 2 "Net-(C1-Pad1)") (clearance 0.4))
    (model ${KISYS3DMOD}/Capacitor_SMD.3dshapes/C_1206_3216Metric.wrl
      (at (xyz 0 0 0))
      (scale (xyz 1 1 1))
      (rotate (xyz 0 0 0))
    )
  )

  (module WC8C:SMD_Combo_1206_0805 (layer F.Cu) (tedit 61EB6509) (tstamp 61C34243)
    (at 154.6479 106.201 270)
    (descr "Capacitor SMD 1206 (3216 Metric), square (rectangular) end terminal, IPC_7351 nominal with elongated pad for handsoldering. (Body size source: IPC-SM-782 page 76, https://www.pcb-3d.com/wordpress/wp-content/uploads/ipc-sm-782a_amendment_1_and_2.pdf), generated with kicad-footprint-generator")
    (tags "capacitor handsolder")
    (path /61FF80BC)
    (attr smd)
    (fp_text reference C81 (at 2.9809 -0.0381 180) (layer F.SilkS)
      (effects (font (size 0.6 0.6) (thickness 0.15)))
    )
    (fp_text value Open (at 3.8699 0 180) (layer F.Fab)
      (effects (font (size 0.6 0.6) (thickness 0.15)))
    )
    (fp_line (start -1.6 0.8) (end -1.6 -0.8) (layer F.Fab) (width 0.1))
    (fp_line (start -1.6 -0.8) (end 1.6 -0.8) (layer F.Fab) (width 0.1))
    (fp_line (start 1.6 -0.8) (end 1.6 0.8) (layer F.Fab) (width 0.1))
    (fp_line (start 1.6 0.8) (end -1.6 0.8) (layer F.Fab) (width 0.1))
    (fp_line (start -0.6096 -0.91) (end 0.6096 -0.91) (layer F.SilkS) (width 0.12))
    (fp_line (start -0.6096 0.9144) (end 0.6096 0.91) (layer F.SilkS) (width 0.12))
    (fp_line (start -2.48 1.15) (end -2.48 -1.15) (layer F.CrtYd) (width 0.05))
    (fp_line (start -2.48 -1.15) (end 2.48 -1.15) (layer F.CrtYd) (width 0.05))
    (fp_line (start 2.48 -1.15) (end 2.48 1.15) (layer F.CrtYd) (width 0.05))
    (fp_line (start 2.48 1.15) (end -2.48 1.15) (layer F.CrtYd) (width 0.05))
    (fp_text user %R (at 0 0 180) (layer F.Fab)
      (effects (font (size 0.4 0.4) (thickness 0.1)))
    )
    (pad 1 smd roundrect (at -1.3625 0 270) (size 1.725 1.8) (layers F.Cu F.Paste F.Mask) (roundrect_rratio 0.189)
      (net 13 "Net-(C6-Pad1)") (clearance 0.4))
    (pad 2 smd roundrect (at 1.3625 0 270) (size 1.725 1.8) (layers F.Cu F.Paste F.Mask) (roundrect_rratio 0.189)
      (net 11 GNDREF) (clearance 0.4))
    (model ${KISYS3DMOD}/Capacitor_SMD.3dshapes/C_1206_3216Metric.wrl
      (at (xyz 0 0 0))
      (scale (xyz 1 1 1))
      (rotate (xyz 0 0 0))
    )
  )

  (module WC8C:SMD_Combo_1206_0805 (layer F.Cu) (tedit 61EB6509) (tstamp 61C363F6)
    (at 168.8846 66.7512 270)
    (descr "Capacitor SMD 1206 (3216 Metric), square (rectangular) end terminal, IPC_7351 nominal with elongated pad for handsoldering. (Body size source: IPC-SM-782 page 76, https://www.pcb-3d.com/wordpress/wp-content/uploads/ipc-sm-782a_amendment_1_and_2.pdf), generated with kicad-footprint-generator")
    (tags "capacitor handsolder")
    (path /61F9DC57)
    (attr smd)
    (fp_text reference C80 (at -0.9271 2.1336 180) (layer F.SilkS)
      (effects (font (size 0.6 0.6) (thickness 0.15)))
    )
    (fp_text value Open (at -0.0381 2.286 180) (layer F.Fab)
      (effects (font (size 0.6 0.6) (thickness 0.15)))
    )
    (fp_line (start -1.6 0.8) (end -1.6 -0.8) (layer F.Fab) (width 0.1))
    (fp_line (start -1.6 -0.8) (end 1.6 -0.8) (layer F.Fab) (width 0.1))
    (fp_line (start 1.6 -0.8) (end 1.6 0.8) (layer F.Fab) (width 0.1))
    (fp_line (start 1.6 0.8) (end -1.6 0.8) (layer F.Fab) (width 0.1))
    (fp_line (start -0.6096 -0.91) (end 0.6096 -0.91) (layer F.SilkS) (width 0.12))
    (fp_line (start -0.6096 0.9144) (end 0.6096 0.91) (layer F.SilkS) (width 0.12))
    (fp_line (start -2.48 1.15) (end -2.48 -1.15) (layer F.CrtYd) (width 0.05))
    (fp_line (start -2.48 -1.15) (end 2.48 -1.15) (layer F.CrtYd) (width 0.05))
    (fp_line (start 2.48 -1.15) (end 2.48 1.15) (layer F.CrtYd) (width 0.05))
    (fp_line (start 2.48 1.15) (end -2.48 1.15) (layer F.CrtYd) (width 0.05))
    (fp_text user %R (at 0 0 180) (layer F.Fab)
      (effects (font (size 0.4 0.4) (thickness 0.1)))
    )
    (pad 1 smd roundrect (at -1.3625 0 270) (size 1.725 1.8) (layers F.Cu F.Paste F.Mask) (roundrect_rratio 0.189)
      (net 11 GNDREF) (clearance 0.4))
    (pad 2 smd roundrect (at 1.3625 0 270) (size 1.725 1.8) (layers F.Cu F.Paste F.Mask) (roundrect_rratio 0.189)
      (net 1 "Net-(C1-Pad2)") (clearance 0.4))
    (model ${KISYS3DMOD}/Capacitor_SMD.3dshapes/C_1206_3216Metric.wrl
      (at (xyz 0 0 0))
      (scale (xyz 1 1 1))
      (rotate (xyz 0 0 0))
    )
  )

  (module WC8C:SMD_Combo_1206_0805 (layer F.Cu) (tedit 61EB685F) (tstamp 61C2BD51)
    (at 155.4861 73.7743)
    (descr "Capacitor SMD 1206 (3216 Metric), square (rectangular) end terminal, IPC_7351 nominal with elongated pad for handsoldering. (Body size source: IPC-SM-782 page 76, https://www.pcb-3d.com/wordpress/wp-content/uploads/ipc-sm-782a_amendment_1_and_2.pdf), generated with kicad-footprint-generator")
    (tags "capacitor handsolder")
    (path /61EBCA9E)
    (attr smd)
    (fp_text reference R32 (at 3.1496 -0.5334) (layer F.SilkS)
      (effects (font (size 0.6 0.6) (thickness 0.15)))
    )
    (fp_text value 0R (at 2.9591 0.4191) (layer F.Fab)
      (effects (font (size 0.6 0.6) (thickness 0.15)))
    )
    (fp_line (start -1.6 0.8) (end -1.6 -0.8) (layer F.Fab) (width 0.1))
    (fp_line (start -1.6 -0.8) (end 1.6 -0.8) (layer F.Fab) (width 0.1))
    (fp_line (start 1.6 -0.8) (end 1.6 0.8) (layer F.Fab) (width 0.1))
    (fp_line (start 1.6 0.8) (end -1.6 0.8) (layer F.Fab) (width 0.1))
    (fp_line (start -0.6096 -0.91) (end 0.6096 -0.91) (layer F.SilkS) (width 0.12))
    (fp_line (start -0.6096 0.9144) (end 0.6096 0.91) (layer F.SilkS) (width 0.12))
    (fp_line (start -2.48 1.15) (end -2.48 -1.15) (layer F.CrtYd) (width 0.05))
    (fp_line (start -2.48 -1.15) (end 2.48 -1.15) (layer F.CrtYd) (width 0.05))
    (fp_line (start 2.48 -1.15) (end 2.48 1.15) (layer F.CrtYd) (width 0.05))
    (fp_line (start 2.48 1.15) (end -2.48 1.15) (layer F.CrtYd) (width 0.05))
    (fp_text user %R (at 0 0) (layer F.Fab)
      (effects (font (size 0.4 0.4) (thickness 0.1)))
    )
    (pad 1 smd roundrect (at -1.3625 0) (size 1.725 1.8) (layers F.Cu F.Paste F.Mask) (roundrect_rratio 0.189)
      (net 36 "Net-(Q1-Pad2)"))
    (pad 2 smd roundrect (at 1.3625 0) (size 1.725 1.8) (layers F.Cu F.Paste F.Mask) (roundrect_rratio 0.189)
      (net 4 "Net-(C3-Pad2)") (clearance 0.4))
    (model ${KISYS3DMOD}/Capacitor_SMD.3dshapes/C_1206_3216Metric.wrl
      (at (xyz 0 0 0))
      (scale (xyz 1 1 1))
      (rotate (xyz 0 0 0))
    )
  )

  (module WC8C:SMD_Combo_1206_0805 (layer F.Cu) (tedit 61EB6509) (tstamp 61C2BD40)
    (at 163.9443 102.6668 180)
    (descr "Capacitor SMD 1206 (3216 Metric), square (rectangular) end terminal, IPC_7351 nominal with elongated pad for handsoldering. (Body size source: IPC-SM-782 page 76, https://www.pcb-3d.com/wordpress/wp-content/uploads/ipc-sm-782a_amendment_1_and_2.pdf), generated with kicad-footprint-generator")
    (tags "capacitor handsolder")
    (path /61E51C0C)
    (attr smd)
    (fp_text reference R31 (at 0.9144 -1.5494) (layer F.SilkS)
      (effects (font (size 0.6 0.6) (thickness 0.15)))
    )
    (fp_text value 0R (at -0.762 -1.524) (layer F.Fab)
      (effects (font (size 0.6 0.6) (thickness 0.15)))
    )
    (fp_line (start -1.6 0.8) (end -1.6 -0.8) (layer F.Fab) (width 0.1))
    (fp_line (start -1.6 -0.8) (end 1.6 -0.8) (layer F.Fab) (width 0.1))
    (fp_line (start 1.6 -0.8) (end 1.6 0.8) (layer F.Fab) (width 0.1))
    (fp_line (start 1.6 0.8) (end -1.6 0.8) (layer F.Fab) (width 0.1))
    (fp_line (start -0.6096 -0.91) (end 0.6096 -0.91) (layer F.SilkS) (width 0.12))
    (fp_line (start -0.6096 0.9144) (end 0.6096 0.91) (layer F.SilkS) (width 0.12))
    (fp_line (start -2.48 1.15) (end -2.48 -1.15) (layer F.CrtYd) (width 0.05))
    (fp_line (start -2.48 -1.15) (end 2.48 -1.15) (layer F.CrtYd) (width 0.05))
    (fp_line (start 2.48 -1.15) (end 2.48 1.15) (layer F.CrtYd) (width 0.05))
    (fp_line (start 2.48 1.15) (end -2.48 1.15) (layer F.CrtYd) (width 0.05))
    (fp_text user %R (at 0 0) (layer F.Fab)
      (effects (font (size 0.4 0.4) (thickness 0.1)))
    )
    (pad 1 smd roundrect (at -1.3625 0 180) (size 1.725 1.8) (layers F.Cu F.Paste F.Mask) (roundrect_rratio 0.189)
      (net 37 "Net-(Q4-Pad2)") (clearance 0.4))
    (pad 2 smd roundrect (at 1.3625 0 180) (size 1.725 1.8) (layers F.Cu F.Paste F.Mask) (roundrect_rratio 0.189)
      (net 15 "Net-(C8-Pad2)") (clearance 0.4))
    (model ${KISYS3DMOD}/Capacitor_SMD.3dshapes/C_1206_3216Metric.wrl
      (at (xyz 0 0 0))
      (scale (xyz 1 1 1))
      (rotate (xyz 0 0 0))
    )
  )

  (module WC8C:SMD_Combo_1206_0805 (layer F.Cu) (tedit 61EB6704) (tstamp 6022D9E4)
    (at 139.827 87.5685 270)
    (descr "Capacitor SMD 1206 (3216 Metric), square (rectangular) end terminal, IPC_7351 nominal with elongated pad for handsoldering. (Body size source: IPC-SM-782 page 76, https://www.pcb-3d.com/wordpress/wp-content/uploads/ipc-sm-782a_amendment_1_and_2.pdf), generated with kicad-footprint-generator")
    (tags "capacitor handsolder")
    (path /6091037C)
    (attr smd)
    (fp_text reference R30 (at 1.8014 -2.0955 180) (layer F.SilkS)
      (effects (font (size 0.6 0.6) (thickness 0.15)))
    )
    (fp_text value 10K (at 0 1.85 180) (layer F.Fab)
      (effects (font (size 0.6 0.6) (thickness 0.15)))
    )
    (fp_line (start -1.6 0.8) (end -1.6 -0.8) (layer F.Fab) (width 0.1))
    (fp_line (start -1.6 -0.8) (end 1.6 -0.8) (layer F.Fab) (width 0.1))
    (fp_line (start 1.6 -0.8) (end 1.6 0.8) (layer F.Fab) (width 0.1))
    (fp_line (start 1.6 0.8) (end -1.6 0.8) (layer F.Fab) (width 0.1))
    (fp_line (start -0.6096 -0.91) (end 0.6096 -0.91) (layer F.SilkS) (width 0.12))
    (fp_line (start -0.6096 0.9144) (end 0.6096 0.91) (layer F.SilkS) (width 0.12))
    (fp_line (start -2.48 1.15) (end -2.48 -1.15) (layer F.CrtYd) (width 0.05))
    (fp_line (start -2.48 -1.15) (end 2.48 -1.15) (layer F.CrtYd) (width 0.05))
    (fp_line (start 2.48 -1.15) (end 2.48 1.15) (layer F.CrtYd) (width 0.05))
    (fp_line (start 2.48 1.15) (end -2.48 1.15) (layer F.CrtYd) (width 0.05))
    (fp_text user %R (at 0 0 180) (layer F.Fab)
      (effects (font (size 0.4 0.4) (thickness 0.1)))
    )
    (pad 1 smd roundrect (at -1.3625 0 270) (size 1.725 1.8) (layers F.Cu F.Paste F.Mask) (roundrect_rratio 0.189)
      (net 23 "Net-(Q10-Pad1)"))
    (pad 2 smd roundrect (at 1.3625 0 270) (size 1.725 1.8) (layers F.Cu F.Paste F.Mask) (roundrect_rratio 0.189)
      (net 31 "Net-(Q9-Pad3)"))
    (model ${KISYS3DMOD}/Capacitor_SMD.3dshapes/C_1206_3216Metric.wrl
      (at (xyz 0 0 0))
      (scale (xyz 1 1 1))
      (rotate (xyz 0 0 0))
    )
  )

  (module WC8C:SMD_Combo_1206_0805 (layer F.Cu) (tedit 61EB6509) (tstamp 6022D9D3)
    (at 150.114 102.616 270)
    (descr "Capacitor SMD 1206 (3216 Metric), square (rectangular) end terminal, IPC_7351 nominal with elongated pad for handsoldering. (Body size source: IPC-SM-782 page 76, https://www.pcb-3d.com/wordpress/wp-content/uploads/ipc-sm-782a_amendment_1_and_2.pdf), generated with kicad-footprint-generator")
    (tags "capacitor handsolder")
    (path /6088DC93)
    (attr smd)
    (fp_text reference R29 (at -0.9271 -1.9177 180) (layer F.SilkS)
      (effects (font (size 0.6 0.6) (thickness 0.15)))
    )
    (fp_text value 10K (at 0.3937 -2.0955 180) (layer F.Fab)
      (effects (font (size 0.6 0.6) (thickness 0.15)))
    )
    (fp_line (start -1.6 0.8) (end -1.6 -0.8) (layer F.Fab) (width 0.1))
    (fp_line (start -1.6 -0.8) (end 1.6 -0.8) (layer F.Fab) (width 0.1))
    (fp_line (start 1.6 -0.8) (end 1.6 0.8) (layer F.Fab) (width 0.1))
    (fp_line (start 1.6 0.8) (end -1.6 0.8) (layer F.Fab) (width 0.1))
    (fp_line (start -0.6096 -0.91) (end 0.6096 -0.91) (layer F.SilkS) (width 0.12))
    (fp_line (start -0.6096 0.9144) (end 0.6096 0.91) (layer F.SilkS) (width 0.12))
    (fp_line (start -2.48 1.15) (end -2.48 -1.15) (layer F.CrtYd) (width 0.05))
    (fp_line (start -2.48 -1.15) (end 2.48 -1.15) (layer F.CrtYd) (width 0.05))
    (fp_line (start 2.48 -1.15) (end 2.48 1.15) (layer F.CrtYd) (width 0.05))
    (fp_line (start 2.48 1.15) (end -2.48 1.15) (layer F.CrtYd) (width 0.05))
    (fp_text user %R (at 0 0 180) (layer F.Fab)
      (effects (font (size 0.4 0.4) (thickness 0.1)))
    )
    (pad 1 smd roundrect (at -1.3625 0 270) (size 1.725 1.8) (layers F.Cu F.Paste F.Mask) (roundrect_rratio 0.189)
      (net 28 "Net-(D4-Pad2)") (clearance 0.4))
    (pad 2 smd roundrect (at 1.3625 0 270) (size 1.725 1.8) (layers F.Cu F.Paste F.Mask) (roundrect_rratio 0.189)
      (net 29 "Net-(D5-Pad2)") (clearance 0.4))
    (model ${KISYS3DMOD}/Capacitor_SMD.3dshapes/C_1206_3216Metric.wrl
      (at (xyz 0 0 0))
      (scale (xyz 1 1 1))
      (rotate (xyz 0 0 0))
    )
  )

  (module WC8C:SMD_Combo_1206_0805 (layer F.Cu) (tedit 61EB6509) (tstamp 6022D9C2)
