(kicad_pcb (version 20171130) (host pcbnew "(5.1.12)-1")

  (general
    (thickness 1.6)
    (drawings 0)
    (tracks 309)
    (zones 0)
    (modules 51)
    (nets 33)
  )

  (page A4)
  (layers
    (0 F.Cu signal)
    (31 B.Cu signal)
    (32 B.Adhes user)
    (33 F.Adhes user)
    (34 B.Paste user)
    (35 F.Paste user)
    (36 B.SilkS user)
    (37 F.SilkS user)
    (38 B.Mask user)
    (39 F.Mask user)
    (40 Dwgs.User user)
    (41 Cmts.User user)
    (42 Eco1.User user)
    (43 Eco2.User user)
    (44 Edge.Cuts user)
    (45 Margin user)
    (46 B.CrtYd user)
    (47 F.CrtYd user)
    (48 B.Fab user)
    (49 F.Fab user)
  )

  (setup
    (last_trace_width 1)
    (user_trace_width 0.5)
    (user_trace_width 1)
    (user_trace_width 1.6)
    (trace_clearance 0.2)
    (zone_clearance 0.508)
    (zone_45_only yes)
    (trace_min 0.2)
    (via_size 0.8)
    (via_drill 0.4)
    (via_min_size 0.4)
    (via_min_drill 0.3)
    (uvia_size 0.3)
    (uvia_drill 0.1)
    (uvias_allowed no)
    (uvia_min_size 0.2)
    (uvia_min_drill 0.1)
    (edge_width 0.05)
    (segment_width 0.2)
    (pcb_text_width 0.3)
    (pcb_text_size 1.5 1.5)
    (mod_edge_width 0.12)
    (mod_text_size 1 1)
    (mod_text_width 0.15)
    (pad_size 3 2)
    (pad_drill 0.55)
    (pad_to_mask_clearance 0)
    (aux_axis_origin 0 0)
    (visible_elements FFFFFF7F)
    (pcbplotparams
      (layerselection 0x010fc_ffffffff)
      (usegerberextensions false)
      (usegerberattributes true)
      (usegerberadvancedattributes true)
      (creategerberjobfile true)
      (excludeedgelayer true)
      (linewidth 0.100000)
      (plotframeref false)
      (viasonmask false)
      (mode 1)
      (useauxorigin false)
      (hpglpennumber 1)
      (hpglpenspeed 20)
      (hpglpendiameter 15.000000)
      (psnegative false)
      (psa4output false)
      (plotreference true)
      (plotvalue true)
      (plotinvisibletext false)
      (padsonsilk false)
      (subtractmaskfromsilk false)
      (outputformat 1)
      (mirror false)
      (drillshape 1)
      (scaleselection 1)
      (outputdirectory ""))
  )

  (net 0 "")
  (net 1 "Net-(C1-Pad2)")
  (net 2 "Net-(C1-Pad1)")
  (net 3 "Net-(C2-Pad1)")
  (net 4 GNDREF)
  (net 5 "Net-(C3-Pad1)")
  (net 6 "Net-(C8-Pad1)")
  (net 7 "Net-(C9-Pad2)")
  (net 8 "Net-(C9-Pad1)")
  (net 9 "Net-(C10-Pad1)")
  (net 10 "Net-(C10-Pad2)")
  (net 11 "Net-(C11-Pad2)")
  (net 12 "Net-(C11-Pad1)")
  (net 13 /13V)
  (net 14 "Net-(D2-Pad1)")
  (net 15 /RX_Low_TX_High)
  (net 16 "Net-(Q1-Pad2)")
  (net 17 "Net-(Q1-Pad3)")
  (net 18 "Net-(Q2-Pad2)")
  (net 19 "Net-(Q3-Pad3)")
  (net 20 "Net-(Q4-Pad3)")
  (net 21 "Net-(Q4-Pad1)")
  (net 22 "Net-(Q5-Pad1)")
  (net 23 "Net-(Q5-Pad2)")
  (net 24 "Net-(Q5-Pad3)")
  (net 25 "Net-(Q10-Pad3)")
  (net 26 "Net-(Q6-Pad2)")
  (net 27 "Net-(Q10-Pad1)")
  (net 28 "Net-(Q7-Pad2)")
  (net 29 "Net-(Q8-Pad2)")
  (net 30 "Net-(Q9-Pad2)")
  (net 31 "Net-(Q10-Pad2)")
  (net 32 "Net-(T1-Pad4)")

  (net_class Default "This is the default net class."
    (clearance 0.2)
    (trace_width 0.25)
    (via_dia 0.8)
    (via_drill 0.4)
    (uvia_dia 0.3)
    (uvia_drill 0.1)
    (add_net /13V)
    (add_net /RX_Low_TX_High)
    (add_net GNDREF)
    (add_net "Net-(C1-Pad1)")
    (add_net "Net-(C1-Pad2)")
    (add_net "Net-(C10-Pad1)")
    (add_net "Net-(C10-Pad2)")
    (add_net "Net-(C11-Pad1)")
    (add_net "Net-(C11-Pad2)")
    (add_net "Net-(C2-Pad1)")
    (add_net "Net-(C3-Pad1)")
    (add_net "Net-(C8-Pad1)")
    (add_net "Net-(C9-Pad1)")
    (add_net "Net-(C9-Pad2)")
    (add_net "Net-(D2-Pad1)")
    (add_net "Net-(Q1-Pad2)")
    (add_net "Net-(Q1-Pad3)")
    (add_net "Net-(Q10-Pad1)")
    (add_net "Net-(Q10-Pad2)")
    (add_net "Net-(Q10-Pad3)")
    (add_net "Net-(Q2-Pad2)")
    (add_net "Net-(Q3-Pad3)")
    (add_net "Net-(Q4-Pad1)")
    (add_net "Net-(Q4-Pad3)")
    (add_net "Net-(Q5-Pad1)")
    (add_net "Net-(Q5-Pad2)")
    (add_net "Net-(Q5-Pad3)")
    (add_net "Net-(Q6-Pad2)")
    (add_net "Net-(Q7-Pad2)")
    (add_net "Net-(Q8-Pad2)")
    (add_net "Net-(Q9-Pad2)")
    (add_net "Net-(T1-Pad4)")
  )

  (module Package_TO_SOT_SMD:SOT-323_SC-70_Handsoldering (layer F.Cu) (tedit 5A02FF57) (tstamp 621A94B2)
    (at 120.132 57.836)
    (descr "SOT-323, SC-70 Handsoldering")
    (tags "SOT-323 SC-70 Handsoldering")
    (path /62135C5E)
    (attr smd)
    (fp_text reference Q4 (at 0 -2) (layer F.SilkS)
      (effects (font (size 1 1) (thickness 0.15)))
    )
    (fp_text value AO3401A (at 0 2.05) (layer F.Fab)
      (effects (font (size 1 1) (thickness 0.15)))
    )
    (fp_text user %R (at 0 0 90) (layer F.Fab)
      (effects (font (size 0.5 0.5) (thickness 0.075)))
    )
    (fp_line (start 0.735 0.5) (end 0.735 1.16) (layer F.SilkS) (width 0.12))
    (fp_line (start 0.735 -1.17) (end 0.735 -0.5) (layer F.SilkS) (width 0.12))
    (fp_line (start 2.4 1.3) (end -2.4 1.3) (layer F.CrtYd) (width 0.05))
    (fp_line (start 2.4 -1.3) (end 2.4 1.3) (layer F.CrtYd) (width 0.05))
    (fp_line (start -2.4 -1.3) (end 2.4 -1.3) (layer F.CrtYd) (width 0.05))
    (fp_line (start -2.4 1.3) (end -2.4 -1.3) (layer F.CrtYd) (width 0.05))
    (fp_line (start 0.735 -1.16) (end -2 -1.16) (layer F.SilkS) (width 0.12))
    (fp_line (start -0.675 1.16) (end 0.735 1.16) (layer F.SilkS) (width 0.12))
    (fp_line (start 0.675 -1.1) (end -0.175 -1.1) (layer F.Fab) (width 0.1))
    (fp_line (start -0.675 -0.6) (end -0.675 1.1) (layer F.Fab) (width 0.1))
    (fp_line (start 0.675 -1.1) (end 0.675 1.1) (layer F.Fab) (width 0.1))
    (fp_line (start 0.675 1.1) (end -0.675 1.1) (layer F.Fab) (width 0.1))
    (fp_line (start -0.175 -1.1) (end -0.675 -0.6) (layer F.Fab) (width 0.1))
    (pad 3 smd rect (at 1.33 0 270) (size 0.45 1.5) (layers F.Cu F.Paste F.Mask)
      (net 20 "Net-(Q4-Pad3)"))
    (pad 2 smd rect (at -1.33 0.65 270) (size 0.45 1.5) (layers F.Cu F.Paste F.Mask)
      (net 5 "Net-(C3-Pad1)"))
    (pad 1 smd rect (at -1.33 -0.65 270) (size 0.45 1.5) (layers F.Cu F.Paste F.Mask)
      (net 21 "Net-(Q4-Pad1)"))
    (model ${KISYS3DMOD}/Package_TO_SOT_SMD.3dshapes/SOT-323_SC-70.wrl
      (at (xyz 0 0 0))
      (scale (xyz 1 1 1))
      (rotate (xyz 0 0 0))
    )
  )

  (module Package_TO_SOT_SMD:SOT-323_SC-70_Handsoldering (layer F.Cu) (tedit 5A02FF57) (tstamp 621A949D)
    (at 98.87 55.904 90)
    (descr "SOT-323, SC-70 Handsoldering")
    (tags "SOT-323 SC-70 Handsoldering")
    (path /62133C5C)
    (attr smd)
    (fp_text reference Q3 (at 0 -2 90) (layer F.SilkS)
      (effects (font (size 1 1) (thickness 0.15)))
    )
    (fp_text value AO3400A (at 0 2.05 90) (layer F.Fab)
      (effects (font (size 1 1) (thickness 0.15)))
    )
    (fp_text user %R (at 0 0) (layer F.Fab)
      (effects (font (size 0.5 0.5) (thickness 0.075)))
    )
    (fp_line (start 0.735 0.5) (end 0.735 1.16) (layer F.SilkS) (width 0.12))
    (fp_line (start 0.735 -1.17) (end 0.735 -0.5) (layer F.SilkS) (width 0.12))
    (fp_line (start 2.4 1.3) (end -2.4 1.3) (layer F.CrtYd) (width 0.05))
    (fp_line (start 2.4 -1.3) (end 2.4 1.3) (layer F.CrtYd) (width 0.05))
    (fp_line (start -2.4 -1.3) (end 2.4 -1.3) (layer F.CrtYd) (width 0.05))
    (fp_line (start -2.4 1.3) (end -2.4 -1.3) (layer F.CrtYd) (width 0.05))
    (fp_line (start 0.735 -1.16) (end -2 -1.16) (layer F.SilkS) (width 0.12))
    (fp_line (start -0.675 1.16) (end 0.735 1.16) (layer F.SilkS) (width 0.12))
    (fp_line (start 0.675 -1.1) (end -0.175 -1.1) (layer F.Fab) (width 0.1))
    (fp_line (start -0.675 -0.6) (end -0.675 1.1) (layer F.Fab) (width 0.1))
    (fp_line (start 0.675 -1.1) (end 0.675 1.1) (layer F.Fab) (width 0.1))
    (fp_line (start 0.675 1.1) (end -0.675 1.1) (layer F.Fab) (width 0.1))
    (fp_line (start -0.175 -1.1) (end -0.675 -0.6) (layer F.Fab) (width 0.1))
    (pad 3 smd rect (at 1.33 0) (size 0.45 1.5) (layers F.Cu F.Paste F.Mask)
      (net 19 "Net-(Q3-Pad3)"))
    (pad 2 smd rect (at -1.33 0.65) (size 0.45 1.5) (layers F.Cu F.Paste F.Mask)
      (net 4 GNDREF))
    (pad 1 smd rect (at -1.33 -0.65) (size 0.45 1.5) (layers F.Cu F.Paste F.Mask)
      (net 14 "Net-(D2-Pad1)"))
    (model ${KISYS3DMOD}/Package_TO_SOT_SMD.3dshapes/SOT-323_SC-70.wrl
      (at (xyz 0 0 0))
      (scale (xyz 1 1 1))
      (rotate (xyz 0 0 0))
    )
  )

  (module Connector:FanPinHeader_1x03_P2.54mm_Vertical (layer F.Cu) (tedit 621AA7E1) (tstamp 621AE770)
    (at 88.32 72.884 180)
    (descr "3-pin CPU fan Through hole pin header, see http://www.formfactors.org/developer%5Cspecs%5Crev1_2_public.pdf")
    (tags "pin header 3-pin CPU fan")
    (path /622206A9)
    (fp_text reference J4 (at 2.5 -3.4) (layer F.SilkS)
      (effects (font (size 1 1) (thickness 0.15)))
    )
    (fp_text value Conn_01x03_Male (at 2.55 4.5) (layer F.Fab)
      (effects (font (size 1 1) (thickness 0.15)))
    )
    (fp_text user %R (at 2.45 1.8) (layer F.Fab)
      (effects (font (size 1 1) (thickness 0.15)))
    )
    (fp_line (start -1.35 3.4) (end -1.35 -2.65) (layer F.SilkS) (width 0.12))
    (fp_line (start -1.35 -2.65) (end 6.45 -2.65) (layer F.SilkS) (width 0.12))
    (fp_line (start 6.45 -2.65) (end 6.45 3.4) (layer F.SilkS) (width 0.12))
    (fp_line (start 6.45 3.4) (end -1.35 3.4) (layer F.SilkS) (width 0.12))
    (fp_line (start 5.05 3.3) (end 5.05 2.3) (layer F.Fab) (width 0.1))
    (fp_line (start 5.05 2.3) (end 0 2.3) (layer F.Fab) (width 0.1))
    (fp_line (start 0 2.3) (end 0 3.3) (layer F.Fab) (width 0.1))
    (fp_line (start -1.25 3.3) (end -1.25 -2.55) (layer F.Fab) (width 0.1))
    (fp_line (start -1.25 -2.55) (end 6.35 -2.55) (layer F.Fab) (width 0.1))
    (fp_line (start 6.35 -2.55) (end 6.35 3.3) (layer F.Fab) (width 0.1))
    (fp_line (start 6.35 3.3) (end -1.25 3.3) (layer F.Fab) (width 0.1))
    (fp_line (start 0 3.3) (end 0 2.29) (layer F.SilkS) (width 0.12))
    (fp_line (start 0 2.29) (end 5.08 2.29) (layer F.SilkS) (width 0.12))
    (fp_line (start 5.08 2.29) (end 5.08 3.3) (layer F.SilkS) (width 0.12))
    (fp_line (start -1.75 3.8) (end -1.75 -3.05) (layer F.CrtYd) (width 0.05))
    (fp_line (start -1.75 3.8) (end 6.85 3.8) (layer F.CrtYd) (width 0.05))
    (fp_line (start 6.85 -3.05) (end -1.75 -3.05) (layer F.CrtYd) (width 0.05))
    (fp_line (start 6.85 -3.05) (end 6.85 3.8) (layer F.CrtYd) (width 0.05))
    (pad 3 thru_hole oval (at 5.08 0 270) (size 3 2) (drill 1.02) (layers *.Cu *.Mask)
      (net 4 GNDREF))
    (pad 2 thru_hole oval (at 2.54 0 270) (size 3 2) (drill 1.02) (layers *.Cu *.Mask)
      (net 15 /RX_Low_TX_High))
    (pad 1 thru_hole rect (at 0 0 270) (size 3 2) (drill 1.02) (layers *.Cu *.Mask)
      (net 13 /13V))
    (model ${KISYS3DMOD}/Connector.3dshapes/FanPinHeader_1x03_P2.54mm_Vertical.wrl
      (at (xyz 0 0 0))
      (scale (xyz 1 1 1))
      (rotate (xyz 0 0 0))
    )
  )

  (module WC8C:SMD_Combo_1206_0805 (layer F.Cu) (tedit 61EB6509) (tstamp 621A9310)
    (at 89.09 85.584 270)
    (descr "Capacitor SMD 1206 (3216 Metric), square (rectangular) end terminal, IPC_7351 nominal with elongated pad for handsoldering. (Body size source: IPC-SM-782 page 76, https://www.pcb-3d.com/wordpress/wp-content/uploads/ipc-sm-782a_amendment_1_and_2.pdf), generated with kicad-footprint-generator")
    (tags "capacitor handsolder")
    (path /61FF0542)
    (attr smd)
    (fp_text reference C1 (at 0 -1.85 90) (layer F.SilkS)
      (effects (font (size 0.6 0.6) (thickness 0.15)))
    )
    (fp_text value .1u (at 0 1.85 90) (layer F.Fab)
      (effects (font (size 0.6 0.6) (thickness 0.15)))
    )
    (fp_line (start -1.6 0.8) (end -1.6 -0.8) (layer F.Fab) (width 0.1))
    (fp_line (start -1.6 -0.8) (end 1.6 -0.8) (layer F.Fab) (width 0.1))
    (fp_line (start 1.6 -0.8) (end 1.6 0.8) (layer F.Fab) (width 0.1))
    (fp_line (start 1.6 0.8) (end -1.6 0.8) (layer F.Fab) (width 0.1))
    (fp_line (start -0.6096 -0.91) (end 0.6096 -0.91) (layer F.SilkS) (width 0.12))
    (fp_line (start -0.6096 0.9144) (end 0.6096 0.91) (layer F.SilkS) (width 0.12))
    (fp_line (start -2.48 1.15) (end -2.48 -1.15) (layer F.CrtYd) (width 0.05))
    (fp_line (start -2.48 -1.15) (end 2.48 -1.15) (layer F.CrtYd) (width 0.05))
    (fp_line (start 2.48 -1.15) (end 2.48 1.15) (layer F.CrtYd) (width 0.05))
    (fp_line (start 2.48 1.15) (end -2.48 1.15) (layer F.CrtYd) (width 0.05))
    (fp_text user %R (at 0 0 90) (layer F.Fab)
      (effects (font (size 0.4 0.4) (thickness 0.1)))
    )
    (pad 2 smd roundrect (at 1.3625 0 270) (size 1.725 1.8) (layers F.Cu F.Paste F.Mask) (roundrect_rratio 0.189)
      (net 1 "Net-(C1-Pad2)") (clearance 0.4))
    (pad 1 smd roundrect (at -1.3625 0 270) (size 1.725 1.8) (layers F.Cu F.Paste F.Mask) (roundrect_rratio 0.189)
      (net 2 "Net-(C1-Pad1)") (clearance 0.4))
    (model ${KISYS3DMOD}/Capacitor_SMD.3dshapes/C_1206_3216Metric.wrl
      (at (xyz 0 0 0))
      (scale (xyz 1 1 1))
      (rotate (xyz 0 0 0))
    )
  )

  (module WC8C:SMD_Combo_1206_0805 (layer F.Cu) (tedit 61EB6509) (tstamp 621A9321)
    (at 106.162 71.806)
    (descr "Capacitor SMD 1206 (3216 Metric), square (rectangular) end terminal, IPC_7351 nominal with elongated pad for handsoldering. (Body size source: IPC-SM-782 page 76, https://www.pcb-3d.com/wordpress/wp-content/uploads/ipc-sm-782a_amendment_1_and_2.pdf), generated with kicad-footprint-generator")
    (tags "capacitor handsolder")
    (path /6200E528)
    (attr smd)
    (fp_text reference C2 (at 0 -1.85) (layer F.SilkS)
      (effects (font (size 0.6 0.6) (thickness 0.15)))
    )
    (fp_text value .1u (at 0 1.85) (layer F.Fab)
      (effects (font (size 0.6 0.6) (thickness 0.15)))
    )
    (fp_text user %R (at 0 0) (layer F.Fab)
      (effects (font (size 0.4 0.4) (thickness 0.1)))
    )
    (fp_line (start 2.48 1.15) (end -2.48 1.15) (layer F.CrtYd) (width 0.05))
    (fp_line (start 2.48 -1.15) (end 2.48 1.15) (layer F.CrtYd) (width 0.05))
    (fp_line (start -2.48 -1.15) (end 2.48 -1.15) (layer F.CrtYd) (width 0.05))
    (fp_line (start -2.48 1.15) (end -2.48 -1.15) (layer F.CrtYd) (width 0.05))
    (fp_line (start -0.6096 0.9144) (end 0.6096 0.91) (layer F.SilkS) (width 0.12))
    (fp_line (start -0.6096 -0.91) (end 0.6096 -0.91) (layer F.SilkS) (width 0.12))
    (fp_line (start 1.6 0.8) (end -1.6 0.8) (layer F.Fab) (width 0.1))
    (fp_line (start 1.6 -0.8) (end 1.6 0.8) (layer F.Fab) (width 0.1))
    (fp_line (start -1.6 -0.8) (end 1.6 -0.8) (layer F.Fab) (width 0.1))
    (fp_line (start -1.6 0.8) (end -1.6 -0.8) (layer F.Fab) (width 0.1))
    (pad 1 smd roundrect (at -1.3625 0) (size 1.725 1.8) (layers F.Cu F.Paste F.Mask) (roundrect_rratio 0.189)
      (net 3 "Net-(C2-Pad1)") (clearance 0.4))
    (pad 2 smd roundrect (at 1.3625 0) (size 1.725 1.8) (layers F.Cu F.Paste F.Mask) (roundrect_rratio 0.189)
      (net 4 GNDREF) (clearance 0.4))
    (model ${KISYS3DMOD}/Capacitor_SMD.3dshapes/C_1206_3216Metric.wrl
      (at (xyz 0 0 0))
      (scale (xyz 1 1 1))
      (rotate (xyz 0 0 0))
    )
  )

  (module WC8C:SMD_Combo_1206_0805 (layer F.Cu) (tedit 61EB6509) (tstamp 621A9332)
    (at 100.66 60.964 270)
    (descr "Capacitor SMD 1206 (3216 Metric), square (rectangular) end terminal, IPC_7351 nominal with elongated pad for handsoldering. (Body size source: IPC-SM-782 page 76, https://www.pcb-3d.com/wordpress/wp-content/uploads/ipc-sm-782a_amendment_1_and_2.pdf), generated with kicad-footprint-generator")
    (tags "capacitor handsolder")
    (path /620FCE72)
    (attr smd)
    (fp_text reference C3 (at 0 -1.85 90) (layer F.SilkS)
      (effects (font (size 0.6 0.6) (thickness 0.15)))
    )
    (fp_text value .1u (at 0 1.85 90) (layer F.Fab)
      (effects (font (size 0.6 0.6) (thickness 0.15)))
    )
    (fp_text user %R (at 0 0 90) (layer F.Fab)
      (effects (font (size 0.4 0.4) (thickness 0.1)))
    )
    (fp_line (start 2.48 1.15) (end -2.48 1.15) (layer F.CrtYd) (width 0.05))
    (fp_line (start 2.48 -1.15) (end 2.48 1.15) (layer F.CrtYd) (width 0.05))
    (fp_line (start -2.48 -1.15) (end 2.48 -1.15) (layer F.CrtYd) (width 0.05))
    (fp_line (start -2.48 1.15) (end -2.48 -1.15) (layer F.CrtYd) (width 0.05))
    (fp_line (start -0.6096 0.9144) (end 0.6096 0.91) (layer F.SilkS) (width 0.12))
    (fp_line (start -0.6096 -0.91) (end 0.6096 -0.91) (layer F.SilkS) (width 0.12))
    (fp_line (start 1.6 0.8) (end -1.6 0.8) (layer F.Fab) (width 0.1))
    (fp_line (start 1.6 -0.8) (end 1.6 0.8) (layer F.Fab) (width 0.1))
    (fp_line (start -1.6 -0.8) (end 1.6 -0.8) (layer F.Fab) (width 0.1))
    (fp_line (start -1.6 0.8) (end -1.6 -0.8) (layer F.Fab) (width 0.1))
    (pad 1 smd roundrect (at -1.3625 0 270) (size 1.725 1.8) (layers F.Cu F.Paste F.Mask) (roundrect_rratio 0.189)
      (net 5 "Net-(C3-Pad1)") (clearance 0.4))
    (pad 2 smd roundrect (at 1.3625 0 270) (size 1.725 1.8) (layers F.Cu F.Paste F.Mask) (roundrect_rratio 0.189)
      (net 4 GNDREF) (clearance 0.4))
    (model ${KISYS3DMOD}/Capacitor_SMD.3dshapes/C_1206_3216Metric.wrl
      (at (xyz 0 0 0))
      (scale (xyz 1 1 1))
      (rotate (xyz 0 0 0))
    )
  )

  (module WC8C:SMD_Combo_1206_0805 (layer F.Cu) (tedit 61EB6509) (tstamp 621A9343)
    (at 104.66 60.964 270)
    (descr "Capacitor SMD 1206 (3216 Metric), square (rectangular) end terminal, IPC_7351 nominal with elongated pad for handsoldering. (Body size source: IPC-SM-782 page 76, https://www.pcb-3d.com/wordpress/wp-content/uploads/ipc-sm-782a_amendment_1_and_2.pdf), generated with kicad-footprint-generator")
    (tags "capacitor handsolder")
    (path /620FE04A)
    (attr smd)
    (fp_text reference C4 (at 0 -1.85 90) (layer F.SilkS)
      (effects (font (size 0.6 0.6) (thickness 0.15)))
    )
    (fp_text value 1u (at 0 1.85 90) (layer F.Fab)
      (effects (font (size 0.6 0.6) (thickness 0.15)))
    )
    (fp_line (start -1.6 0.8) (end -1.6 -0.8) (layer F.Fab) (width 0.1))
    (fp_line (start -1.6 -0.8) (end 1.6 -0.8) (layer F.Fab) (width 0.1))
    (fp_line (start 1.6 -0.8) (end 1.6 0.8) (layer F.Fab) (width 0.1))
    (fp_line (start 1.6 0.8) (end -1.6 0.8) (layer F.Fab) (width 0.1))
    (fp_line (start -0.6096 -0.91) (end 0.6096 -0.91) (layer F.SilkS) (width 0.12))
    (fp_line (start -0.6096 0.9144) (end 0.6096 0.91) (layer F.SilkS) (width 0.12))
    (fp_line (start -2.48 1.15) (end -2.48 -1.15) (layer F.CrtYd) (width 0.05))
    (fp_line (start -2.48 -1.15) (end 2.48 -1.15) (layer F.CrtYd) (width 0.05))
    (fp_line (start 2.48 -1.15) (end 2.48 1.15) (layer F.CrtYd) (width 0.05))
    (fp_line (start 2.48 1.15) (end -2.48 1.15) (layer F.CrtYd) (width 0.05))
    (fp_text user %R (at 0 0 90) (layer F.Fab)
      (effects (font (size 0.4 0.4) (thickness 0.1)))
    )
    (pad 2 smd roundrect (at 1.3625 0 270) (size 1.725 1.8) (layers F.Cu F.Paste F.Mask) (roundrect_rratio 0.189)
      (net 4 GNDREF) (clearance 0.4))
    (pad 1 smd roundrect (at -1.3625 0 270) (size 1.725 1.8) (layers F.Cu F.Paste F.Mask) (roundrect_rratio 0.189)
      (net 5 "Net-(C3-Pad1)") (clearance 0.4))
    (model ${KISYS3DMOD}/Capacitor_SMD.3dshapes/C_1206_3216Metric.wrl
      (at (xyz 0 0 0))
      (scale (xyz 1 1 1))
      (rotate (xyz 0 0 0))
    )
  )

  (module WC8C:SMD_Combo_1206_0805 (layer F.Cu) (tedit 61EB6509) (tstamp 621A9354)
    (at 108.45 60.964 270)
    (descr "Capacitor SMD 1206 (3216 Metric), square (rectangular) end terminal, IPC_7351 nominal with elongated pad for handsoldering. (Body size source: IPC-SM-782 page 76, https://www.pcb-3d.com/wordpress/wp-content/uploads/ipc-sm-782a_amendment_1_and_2.pdf), generated with kicad-footprint-generator")
    (tags "capacitor handsolder")
    (path /620FE412)
    (attr smd)
    (fp_text reference C5 (at 0 -1.85 90) (layer F.SilkS)
      (effects (font (size 0.6 0.6) (thickness 0.15)))
    )
    (fp_text value 22u (at 0 1.85 90) (layer F.Fab)
      (effects (font (size 0.6 0.6) (thickness 0.15)))
    )
    (fp_text user %R (at 0 0 90) (layer F.Fab)
      (effects (font (size 0.4 0.4) (thickness 0.1)))
    )
    (fp_line (start 2.48 1.15) (end -2.48 1.15) (layer F.CrtYd) (width 0.05))
    (fp_line (start 2.48 -1.15) (end 2.48 1.15) (layer F.CrtYd) (width 0.05))
    (fp_line (start -2.48 -1.15) (end 2.48 -1.15) (layer F.CrtYd) (width 0.05))
    (fp_line (start -2.48 1.15) (end -2.48 -1.15) (layer F.CrtYd) (width 0.05))
    (fp_line (start -0.6096 0.9144) (end 0.6096 0.91) (layer F.SilkS) (width 0.12))
    (fp_line (start -0.6096 -0.91) (end 0.6096 -0.91) (layer F.SilkS) (width 0.12))
    (fp_line (start 1.6 0.8) (end -1.6 0.8) (layer F.Fab) (width 0.1))
    (fp_line (start 1.6 -0.8) (end 1.6 0.8) (layer F.Fab) (width 0.1))
    (fp_line (start -1.6 -0.8) (end 1.6 -0.8) (layer F.Fab) (width 0.1))
    (fp_line (start -1.6 0.8) (end -1.6 -0.8) (layer F.Fab) (width 0.1))
    (pad 1 smd roundrect (at -1.3625 0 270) (size 1.725 1.8) (layers F.Cu F.Paste F.Mask) (roundrect_rratio 0.189)
      (net 5 "Net-(C3-Pad1)") (clearance 0.4))
    (pad 2 smd roundrect (at 1.3625 0 270) (size 1.725 1.8) (layers F.Cu F.Paste F.Mask) (roundrect_rratio 0.189)
      (net 4 GNDREF) (clearance 0.4))
    (model ${KISYS3DMOD}/Capacitor_SMD.3dshapes/C_1206_3216Metric.wrl
      (at (xyz 0 0 0))
      (scale (xyz 1 1 1))
      (rotate (xyz 0 0 0))
    )
  )

  (module WC8C:SMD_Combo_1206_0805 (layer F.Cu) (tedit 61EB6509) (tstamp 621A9365)
    (at 111.98 60.824 270)
    (descr "Capacitor SMD 1206 (3216 Metric), square (rectangular) end terminal, IPC_7351 nominal with elongated pad for handsoldering. (Body size source: IPC-SM-782 page 76, https://www.pcb-3d.com/wordpress/wp-content/uploads/ipc-sm-782a_amendment_1_and_2.pdf), generated with kicad-footprint-generator")
    (tags "capacitor handsolder")
    (path /620FE84B)
    (attr smd)
    (fp_text reference C6 (at 0 -1.85 90) (layer F.SilkS)
      (effects (font (size 0.6 0.6) (thickness 0.15)))
    )
    (fp_text value 22u (at 0 1.85 90) (layer F.Fab)
      (effects (font (size 0.6 0.6) (thickness 0.15)))
    )
    (fp_line (start -1.6 0.8) (end -1.6 -0.8) (layer F.Fab) (width 0.1))
    (fp_line (start -1.6 -0.8) (end 1.6 -0.8) (layer F.Fab) (width 0.1))
    (fp_line (start 1.6 -0.8) (end 1.6 0.8) (layer F.Fab) (width 0.1))
    (fp_line (start 1.6 0.8) (end -1.6 0.8) (layer F.Fab) (width 0.1))
    (fp_line (start -0.6096 -0.91) (end 0.6096 -0.91) (layer F.SilkS) (width 0.12))
    (fp_line (start -0.6096 0.9144) (end 0.6096 0.91) (layer F.SilkS) (width 0.12))
    (fp_line (start -2.48 1.15) (end -2.48 -1.15) (layer F.CrtYd) (width 0.05))
    (fp_line (start -2.48 -1.15) (end 2.48 -1.15) (layer F.CrtYd) (width 0.05))
    (fp_line (start 2.48 -1.15) (end 2.48 1.15) (layer F.CrtYd) (width 0.05))
    (fp_line (start 2.48 1.15) (end -2.48 1.15) (layer F.CrtYd) (width 0.05))
    (fp_text user %R (at 0 0 90) (layer F.Fab)
      (effects (font (size 0.4 0.4) (thickness 0.1)))
    )
    (pad 2 smd roundrect (at 1.3625 0 270) (size 1.725 1.8) (layers F.Cu F.Paste F.Mask) (roundrect_rratio 0.189)
      (net 4 GNDREF) (clearance 0.4))
    (pad 1 smd roundrect (at -1.3625 0 270) (size 1.725 1.8) (layers F.Cu F.Paste F.Mask) (roundrect_rratio 0.189)
      (net 5 "Net-(C3-Pad1)") (clearance 0.4))
    (model ${KISYS3DMOD}/Capacitor_SMD.3dshapes/C_1206_3216Metric.wrl
      (at (xyz 0 0 0))
      (scale (xyz 1 1 1))
      (rotate (xyz 0 0 0))
    )
  )

  (module WC8C:SMD_Combo_1206_0805 (layer F.Cu) (tedit 61EB6509) (tstamp 621A9376)
    (at 115.84 60.824 270)
    (descr "Capacitor SMD 1206 (3216 Metric), square (rectangular) end terminal, IPC_7351 nominal with elongated pad for handsoldering. (Body size source: IPC-SM-782 page 76, https://www.pcb-3d.com/wordpress/wp-content/uploads/ipc-sm-782a_amendment_1_and_2.pdf), generated with kicad-footprint-generator")
    (tags "capacitor handsolder")
    (path /6210CD22)
    (attr smd)
    (fp_text reference C7 (at 0 -1.85 90) (layer F.SilkS)
      (effects (font (size 0.6 0.6) (thickness 0.15)))
    )
    (fp_text value 22u (at 0 1.85 90) (layer F.Fab)
      (effects (font (size 0.6 0.6) (thickness 0.15)))
    )
    (fp_text user %R (at 0 0 90) (layer F.Fab)
      (effects (font (size 0.4 0.4) (thickness 0.1)))
    )
    (fp_line (start 2.48 1.15) (end -2.48 1.15) (layer F.CrtYd) (width 0.05))
    (fp_line (start 2.48 -1.15) (end 2.48 1.15) (layer F.CrtYd) (width 0.05))
    (fp_line (start -2.48 -1.15) (end 2.48 -1.15) (layer F.CrtYd) (width 0.05))
    (fp_line (start -2.48 1.15) (end -2.48 -1.15) (layer F.CrtYd) (width 0.05))
    (fp_line (start -0.6096 0.9144) (end 0.6096 0.91) (layer F.SilkS) (width 0.12))
    (fp_line (start -0.6096 -0.91) (end 0.6096 -0.91) (layer F.SilkS) (width 0.12))
    (fp_line (start 1.6 0.8) (end -1.6 0.8) (layer F.Fab) (width 0.1))
    (fp_line (start 1.6 -0.8) (end 1.6 0.8) (layer F.Fab) (width 0.1))
    (fp_line (start -1.6 -0.8) (end 1.6 -0.8) (layer F.Fab) (width 0.1))
    (fp_line (start -1.6 0.8) (end -1.6 -0.8) (layer F.Fab) (width 0.1))
    (pad 1 smd roundrect (at -1.3625 0 270) (size 1.725 1.8) (layers F.Cu F.Paste F.Mask) (roundrect_rratio 0.189)
      (net 5 "Net-(C3-Pad1)") (clearance 0.4))
    (pad 2 smd roundrect (at 1.3625 0 270) (size 1.725 1.8) (layers F.Cu F.Paste F.Mask) (roundrect_rratio 0.189)
      (net 4 GNDREF) (clearance 0.4))
    (model ${KISYS3DMOD}/Capacitor_SMD.3dshapes/C_1206_3216Metric.wrl
      (at (xyz 0 0 0))
      (scale (xyz 1 1 1))
      (rotate (xyz 0 0 0))
    )
  )

  (module WC8C:SMD_Combo_1206_0805 (layer F.Cu) (tedit 61EB6509) (tstamp 621A9387)
    (at 142.484 67.742)
    (descr "Capacitor SMD 1206 (3216 Metric), square (rectangular) end terminal, IPC_7351 nominal with elongated pad for handsoldering. (Body size source: IPC-SM-782 page 76, https://www.pcb-3d.com/wordpress/wp-content/uploads/ipc-sm-782a_amendment_1_and_2.pdf), generated with kicad-footprint-generator")
    (tags "capacitor handsolder")
    (path /62019836)
    (attr smd)
    (fp_text reference C8 (at 0 -1.85) (layer F.SilkS)
      (effects (font (size 0.6 0.6) (thickness 0.15)))
    )
    (fp_text value .1u (at 0 1.85) (layer F.Fab)
      (effects (font (size 0.6 0.6) (thickness 0.15)))
    )
    (fp_text user %R (at 0 0) (layer F.Fab)
      (effects (font (size 0.4 0.4) (thickness 0.1)))
    )
    (fp_line (start 2.48 1.15) (end -2.48 1.15) (layer F.CrtYd) (width 0.05))
    (fp_line (start 2.48 -1.15) (end 2.48 1.15) (layer F.CrtYd) (width 0.05))
    (fp_line (start -2.48 -1.15) (end 2.48 -1.15) (layer F.CrtYd) (width 0.05))
    (fp_line (start -2.48 1.15) (end -2.48 -1.15) (layer F.CrtYd) (width 0.05))
    (fp_line (start -0.6096 0.9144) (end 0.6096 0.91) (layer F.SilkS) (width 0.12))
    (fp_line (start -0.6096 -0.91) (end 0.6096 -0.91) (layer F.SilkS) (width 0.12))
    (fp_line (start 1.6 0.8) (end -1.6 0.8) (layer F.Fab) (width 0.1))
    (fp_line (start 1.6 -0.8) (end 1.6 0.8) (layer F.Fab) (width 0.1))
    (fp_line (start -1.6 -0.8) (end 1.6 -0.8) (layer F.Fab) (width 0.1))
    (fp_line (start -1.6 0.8) (end -1.6 -0.8) (layer F.Fab) (width 0.1))
    (pad 1 smd roundrect (at -1.3625 0) (size 1.725 1.8) (layers F.Cu F.Paste F.Mask) (roundrect_rratio 0.189)
      (net 6 "Net-(C8-Pad1)") (clearance 0.4))
    (pad 2 smd roundrect (at 1.3625 0) (size 1.725 1.8) (layers F.Cu F.Paste F.Mask) (roundrect_rratio 0.189)
      (net 4 GNDREF) (clearance 0.4))
    (model ${KISYS3DMOD}/Capacitor_SMD.3dshapes/C_1206_3216Metric.wrl
      (at (xyz 0 0 0))
      (scale (xyz 1 1 1))
      (rotate (xyz 0 0 0))
    )
  )

  (module WC8C:SMD_Combo_1206_0805 (layer F.Cu) (tedit 61EB6509) (tstamp 621A9398)
    (at 110.734 76.632 90)
    (descr "Capacitor SMD 1206 (3216 Metric), square (rectangular) end terminal, IPC_7351 nominal with elongated pad for handsoldering. (Body size source: IPC-SM-782 page 76, https://www.pcb-3d.com/wordpress/wp-content/uploads/ipc-sm-782a_amendment_1_and_2.pdf), generated with kicad-footprint-generator")
    (tags "capacitor handsolder")
    (path /62008B40)
    (attr smd)
    (fp_text reference C9 (at 0 -1.85 90) (layer F.SilkS)
      (effects (font (size 0.6 0.6) (thickness 0.15)))
    )
    (fp_text value .1u (at 0 1.85 90) (layer F.Fab)
      (effects (font (size 0.6 0.6) (thickness 0.15)))
    )
    (fp_line (start -1.6 0.8) (end -1.6 -0.8) (layer F.Fab) (width 0.1))
    (fp_line (start -1.6 -0.8) (end 1.6 -0.8) (layer F.Fab) (width 0.1))
    (fp_line (start 1.6 -0.8) (end 1.6 0.8) (layer F.Fab) (width 0.1))
    (fp_line (start 1.6 0.8) (end -1.6 0.8) (layer F.Fab) (width 0.1))
    (fp_line (start -0.6096 -0.91) (end 0.6096 -0.91) (layer F.SilkS) (width 0.12))
    (fp_line (start -0.6096 0.9144) (end 0.6096 0.91) (layer F.SilkS) (width 0.12))
    (fp_line (start -2.48 1.15) (end -2.48 -1.15) (layer F.CrtYd) (width 0.05))
    (fp_line (start -2.48 -1.15) (end 2.48 -1.15) (layer F.CrtYd) (width 0.05))
    (fp_line (start 2.48 -1.15) (end 2.48 1.15) (layer F.CrtYd) (width 0.05))
    (fp_line (start 2.48 1.15) (end -2.48 1.15) (layer F.CrtYd) (width 0.05))
    (fp_text user %R (at 0 0 90) (layer F.Fab)
      (effects (font (size 0.4 0.4) (thickness 0.1)))
    )
    (pad 2 smd roundrect (at 1.3625 0 90) (size 1.725 1.8) (layers F.Cu F.Paste F.Mask) (roundrect_rratio 0.189)
      (net 7 "Net-(C9-Pad2)") (clearance 0.4))
    (pad 1 smd roundrect (at -1.3625 0 90) (size 1.725 1.8) (layers F.Cu F.Paste F.Mask) (roundrect_rratio 0.189)
      (net 8 "Net-(C9-Pad1)") (clearance 0.4))
    (model ${KISYS3DMOD}/Capacitor_SMD.3dshapes/C_1206_3216Metric.wrl
      (at (xyz 0 0 0))
      (scale (xyz 1 1 1))
      (rotate (xyz 0 0 0))
    )
  )

  (module WC8C:SMD_Combo_1206_0805 (layer F.Cu) (tedit 61EB6509) (tstamp 621A93A9)
    (at 113.412 82.964)
    (descr "Capacitor SMD 1206 (3216 Metric), square (rectangular) end terminal, IPC_7351 nominal with elongated pad for handsoldering. (Body size source: IPC-SM-782 page 76, https://www.pcb-3d.com/wordpress/wp-content/uploads/ipc-sm-782a_amendment_1_and_2.pdf), generated with kicad-footprint-generator")
    (tags "capacitor handsolder")
    (path /6209A09E)
    (attr smd)
    (fp_text reference C10 (at 0 -1.85) (layer F.SilkS)
      (effects (font (size 0.6 0.6) (thickness 0.15)))
    )
    (fp_text value .1u (at 0 1.85) (layer F.Fab)
      (effects (font (size 0.6 0.6) (thickness 0.15)))
    )
    (fp_text user %R (at 0 0) (layer F.Fab)
      (effects (font (size 0.4 0.4) (thickness 0.1)))
    )
    (fp_line (start 2.48 1.15) (end -2.48 1.15) (layer F.CrtYd) (width 0.05))
    (fp_line (start 2.48 -1.15) (end 2.48 1.15) (layer F.CrtYd) (width 0.05))
    (fp_line (start -2.48 -1.15) (end 2.48 -1.15) (layer F.CrtYd) (width 0.05))
    (fp_line (start -2.48 1.15) (end -2.48 -1.15) (layer F.CrtYd) (width 0.05))
    (fp_line (start -0.6096 0.9144) (end 0.6096 0.91) (layer F.SilkS) (width 0.12))
    (fp_line (start -0.6096 -0.91) (end 0.6096 -0.91) (layer F.SilkS) (width 0.12))
    (fp_line (start 1.6 0.8) (end -1.6 0.8) (layer F.Fab) (width 0.1))
    (fp_line (start 1.6 -0.8) (end 1.6 0.8) (layer F.Fab) (width 0.1))
    (fp_line (start -1.6 -0.8) (end 1.6 -0.8) (layer F.Fab) (width 0.1))
    (fp_line (start -1.6 0.8) (end -1.6 -0.8) (layer F.Fab) (width 0.1))
    (pad 1 smd roundrect (at -1.3625 0) (size 1.725 1.8) (layers F.Cu F.Paste F.Mask) (roundrect_rratio 0.189)
      (net 9 "Net-(C10-Pad1)") (clearance 0.4))
    (pad 2 smd roundrect (at 1.3625 0) (size 1.725 1.8) (layers F.Cu F.Paste F.Mask) (roundrect_rratio 0.189)
      (net 10 "Net-(C10-Pad2)") (clearance 0.4))
    (model ${KISYS3DMOD}/Capacitor_SMD.3dshapes/C_1206_3216Metric.wrl
      (at (xyz 0 0 0))
      (scale (xyz 1 1 1))
      (rotate (xyz 0 0 0))
    )
  )

  (module WC8C:SMD_Combo_1206_0805 (layer F.Cu) (tedit 61EB6509) (tstamp 621A93BA)
    (at 140.452 77.648 90)
    (descr "Capacitor SMD 1206 (3216 Metric), square (rectangular) end terminal, IPC_7351 nominal with elongated pad for handsoldering. (Body size source: IPC-SM-782 page 76, https://www.pcb-3d.com/wordpress/wp-content/uploads/ipc-sm-782a_amendment_1_and_2.pdf), generated with kicad-footprint-generator")
    (tags "capacitor handsolder")
    (path /620F09DF)
    (attr smd)
    (fp_text reference C11 (at 0 -1.85 90) (layer F.SilkS)
      (effects (font (size 0.6 0.6) (thickness 0.15)))
    )
    (fp_text value .1u (at 0 1.85 90) (layer F.Fab)
      (effects (font (size 0.6 0.6) (thickness 0.15)))
    )
    (fp_line (start -1.6 0.8) (end -1.6 -0.8) (layer F.Fab) (width 0.1))
    (fp_line (start -1.6 -0.8) (end 1.6 -0.8) (layer F.Fab) (width 0.1))
    (fp_line (start 1.6 -0.8) (end 1.6 0.8) (layer F.Fab) (width 0.1))
    (fp_line (start 1.6 0.8) (end -1.6 0.8) (layer F.Fab) (width 0.1))
    (fp_line (start -0.6096 -0.91) (end 0.6096 -0.91) (layer F.SilkS) (width 0.12))
    (fp_line (start -0.6096 0.9144) (end 0.6096 0.91) (layer F.SilkS) (width 0.12))
    (fp_line (start -2.48 1.15) (end -2.48 -1.15) (layer F.CrtYd) (width 0.05))
    (fp_line (start -2.48 -1.15) (end 2.48 -1.15) (layer F.CrtYd) (width 0.05))
    (fp_line (start 2.48 -1.15) (end 2.48 1.15) (layer F.CrtYd) (width 0.05))
    (fp_line (start 2.48 1.15) (end -2.48 1.15) (layer F.CrtYd) (width 0.05))
    (fp_text user %R (at 0 0 90) (layer F.Fab)
      (effects (font (size 0.4 0.4) (thickness 0.1)))
    )
    (pad 2 smd roundrect (at 1.3625 0 90) (size 1.725 1.8) (layers F.Cu F.Paste F.Mask) (roundrect_rratio 0.189)
      (net 11 "Net-(C11-Pad2)") (clearance 0.4))
    (pad 1 smd roundrect (at -1.3625 0 90) (size 1.725 1.8) (layers F.Cu F.Paste F.Mask) (roundrect_rratio 0.189)
      (net 12 "Net-(C11-Pad1)") (clearance 0.4))
    (model ${KISYS3DMOD}/Capacitor_SMD.3dshapes/C_1206_3216Metric.wrl
      (at (xyz 0 0 0))
      (scale (xyz 1 1 1))
      (rotate (xyz 0 0 0))
    )
  )

  (module Diode_SMD:D_2114_3652Metric_Pad1.85x3.75mm_HandSolder (layer F.Cu) (tedit 5F68FEF0) (tstamp 621A93CD)
    (at 95 67.4 180)
    (descr "Diode SMD 2114 (3652 Metric), square (rectangular) end terminal, IPC_7351 nominal, (Body size from: http://datasheets.avx.com/schottky.pdf), generated with kicad-footprint-generator")
    (tags "diode handsolder")
    (path /6206FD57)
    (attr smd)
    (fp_text reference D1 (at 0 -2.82) (layer F.SilkS)
      (effects (font (size 1 1) (thickness 0.15)))
    )
    (fp_text value 1N4001 (at 0 2.82) (layer F.Fab)
      (effects (font (size 1 1) (thickness 0.15)))
    )
    (fp_line (start 3.45 2.12) (end -3.45 2.12) (layer F.CrtYd) (width 0.05))
    (fp_line (start 3.45 -2.12) (end 3.45 2.12) (layer F.CrtYd) (width 0.05))
    (fp_line (start -3.45 -2.12) (end 3.45 -2.12) (layer F.CrtYd) (width 0.05))
    (fp_line (start -3.45 2.12) (end -3.45 -2.12) (layer F.CrtYd) (width 0.05))
    (fp_line (start -3.46 2.135) (end 2.6 2.135) (layer F.SilkS) (width 0.12))
    (fp_line (start -3.46 -2.135) (end -3.46 2.135) (layer F.SilkS) (width 0.12))
    (fp_line (start 2.6 -2.135) (end -3.46 -2.135) (layer F.SilkS) (width 0.12))
    (fp_line (start 2.6 1.8) (end 2.6 -1.8) (layer F.Fab) (width 0.1))
    (fp_line (start -2.6 1.8) (end 2.6 1.8) (layer F.Fab) (width 0.1))
    (fp_line (start -2.6 -0.9) (end -2.6 1.8) (layer F.Fab) (width 0.1))
    (fp_line (start -1.7 -1.8) (end -2.6 -0.9) (layer F.Fab) (width 0.1))
    (fp_line (start 2.6 -1.8) (end -1.7 -1.8) (layer F.Fab) (width 0.1))
    (fp_text user %R (at 0 0) (layer F.Fab)
      (effects (font (size 1 1) (thickness 0.15)))
    )
    (pad 1 smd roundrect (at -2.275 0 180) (size 1.85 3.75) (layers F.Cu F.Paste F.Mask) (roundrect_rratio 0.135135)
      (net 5 "Net-(C3-Pad1)"))
    (pad 2 smd roundrect (at 2.275 0 180) (size 1.85 3.75) (layers F.Cu F.Paste F.Mask) (roundrect_rratio 0.135135)
      (net 13 /13V))
    (model ${KISYS3DMOD}/Diode_SMD.3dshapes/D_2114_3652Metric.wrl
      (at (xyz 0 0 0))
      (scale (xyz 1 1 1))
      (rotate (xyz 0 0 0))
    )
  )

  (module Diode_SMD:D_MiniMELF_Handsoldering (layer F.Cu) (tedit 5905D919) (tstamp 621A93E6)
    (at 94.58 58.764 270)
    (descr "Diode Mini-MELF (SOD-80) Handsoldering")
    (tags "Diode Mini-MELF (SOD-80) Handsoldering")
    (path /621FBBB2)
    (attr smd)
    (fp_text reference D2 (at 0 -1.75 90) (layer F.SilkS)
      (effects (font (size 1 1) (thickness 0.15)))
    )
    (fp_text value 6.8V (at 0 1.75 90) (layer F.Fab)
      (effects (font (size 1 1) (thickness 0.15)))
    )
    (fp_line (start -4.65 1.1) (end -4.65 -1.1) (layer F.CrtYd) (width 0.05))
    (fp_line (start 4.65 1.1) (end -4.65 1.1) (layer F.CrtYd) (width 0.05))
    (fp_line (start 4.65 -1.1) (end 4.65 1.1) (layer F.CrtYd) (width 0.05))
    (fp_line (start -4.65 -1.1) (end 4.65 -1.1) (layer F.CrtYd) (width 0.05))
    (fp_line (start -0.75 0) (end -0.35 0) (layer F.Fab) (width 0.1))
    (fp_line (start -0.35 0) (end -0.35 -0.55) (layer F.Fab) (width 0.1))
    (fp_line (start -0.35 0) (end -0.35 0.55) (layer F.Fab) (width 0.1))
    (fp_line (start -0.35 0) (end 0.25 -0.4) (layer F.Fab) (width 0.1))
    (fp_line (start 0.25 -0.4) (end 0.25 0.4) (layer F.Fab) (width 0.1))
    (fp_line (start 0.25 0.4) (end -0.35 0) (layer F.Fab) (width 0.1))
    (fp_line (start 0.25 0) (end 0.75 0) (layer F.Fab) (width 0.1))
    (fp_line (start -1.65 -0.8) (end 1.65 -0.8) (layer F.Fab) (width 0.1))
    (fp_line (start -1.65 0.8) (end -1.65 -0.8) (layer F.Fab) (width 0.1))
    (fp_line (start 1.65 0.8) (end -1.65 0.8) (layer F.Fab) (width 0.1))
    (fp_line (start 1.65 -0.8) (end 1.65 0.8) (layer F.Fab) (width 0.1))
    (fp_line (start -4.55 1) (end 2.75 1) (layer F.SilkS) (width 0.12))
    (fp_line (start -4.55 -1) (end -4.55 1) (layer F.SilkS) (width 0.12))
    (fp_line (start 2.75 -1) (end -4.55 -1) (layer F.SilkS) (width 0.12))
    (fp_text user %R (at 0 -1.75 90) (layer F.Fab)
      (effects (font (size 1 1) (thickness 0.15)))
    )
    (pad 1 smd rect (at -2.75 0 270) (size 3.3 1.7) (layers F.Cu F.Paste F.Mask)
      (net 14 "Net-(D2-Pad1)"))
    (pad 2 smd rect (at 2.75 0 270) (size 3.3 1.7) (layers F.Cu F.Paste F.Mask)
      (net 4 GNDREF))
    (model ${KISYS3DMOD}/Diode_SMD.3dshapes/D_MiniMELF.wrl
      (at (xyz 0 0 0))
      (scale (xyz 1 1 1))
      (rotate (xyz 0 0 0))
    )
  )

  (module Connector_Coaxial:SMA_Molex_73251-2120_EdgeMount_Horizontal (layer F.Cu) (tedit 621AA3D0) (tstamp 621A9415)
    (at 82.17 84.244 180)
    (descr "Molex SMA RF Connector, Edge Mount, (http://www.molex.com/pdm_docs/sd/732512120_sd.pdf)")
    (tags "sma edge")
    (path /62029FAD)
    (attr smd)
    (fp_text reference J1 (at -0.705 6.1) (layer F.SilkS)
      (effects (font (size 1 1) (thickness 0.15)))
    )
    (fp_text value "RF In" (at -0.1 -6.2) (layer F.Fab)
      (effects (font (size 1 1) (thickness 0.15)))
    )
    (fp_line (start 2.9 0) (end 2.095 0.635) (layer F.Fab) (width 0.1))
    (fp_line (start 2.095 -0.635) (end 2.9 0) (layer F.Fab) (width 0.1))
    (fp_line (start -3.975 -5.33) (end 15.045 -5.33) (layer B.CrtYd) (width 0.05))
    (fp_line (start 15.045 -5.33) (end 15.045 5.33) (layer B.CrtYd) (width 0.05))
    (fp_line (start 15.045 5.33) (end -3.975 5.33) (layer B.CrtYd) (width 0.05))
    (fp_line (start -3.975 -5.33) (end -3.975 5.33) (layer B.CrtYd) (width 0.05))
    (fp_line (start -1.715 3.175) (end -1.715 2.155) (layer F.Fab) (width 0.1))
    (fp_line (start -2.9 0.25) (end -2.9 -0.25) (layer F.Fab) (width 0.1))
    (fp_line (start -2.4 0) (end -2.9 0.25) (layer F.Fab) (width 0.1))
    (fp_line (start -2.9 -0.25) (end -2.4 0) (layer F.Fab) (width 0.1))
    (fp_line (start -2.9 0.25) (end -2.4 0) (layer F.SilkS) (width 0.12))
    (fp_line (start -2.9 -0.25) (end -2.9 0.25) (layer F.SilkS) (width 0.12))
    (fp_line (start -2.4 0) (end -2.9 -0.25) (layer F.SilkS) (width 0.12))
    (fp_line (start 2.095 -0.635) (end -1.715 -0.635) (layer F.Fab) (width 0.1))
    (fp_line (start 2.095 0.635) (end -1.715 0.635) (layer F.Fab) (width 0.1))
    (fp_line (start -1.715 -0.635) (end -1.715 0.635) (layer F.Fab) (width 0.1))
    (fp_line (start -1.715 -3.175) (end -1.715 -2.155) (layer F.Fab) (width 0.1))
    (fp_line (start 15.045 -5.33) (end 15.045 5.33) (layer F.CrtYd) (width 0.05))
    (fp_line (start 15.045 5.33) (end -3.975 5.33) (layer F.CrtYd) (width 0.05))
    (fp_line (start -3.975 -5.33) (end -3.975 5.33) (layer F.CrtYd) (width 0.05))
    (fp_line (start -3.975 -5.33) (end 15.045 -5.33) (layer F.CrtYd) (width 0.05))
